1.000000 -0.000000 -0.000000 -0.000000 0.000000 1.000000 -0.000000 0.000000 0.000000 0.000000 1.000000 0.000000
0.999972 -0.007013 -0.002718 1.379209 0.007008 0.999974 -0.001955 0.014040 0.002732 0.001936 0.999994 0.012301
0.999782 -0.020314 -0.004748 3.578504 0.020310 0.999793 -0.001018 0.060552 0.004768 0.000921 0.999988 0.022113
0.999541 -0.029681 -0.006063 5.117272 0.029700 0.999554 0.003176 0.119615 0.005967 -0.003355 0.999977 0.039546
0.999252 -0.038580 -0.002607 6.716952 0.038593 0.999241 0.005329 0.187486 0.002399 -0.005425 0.999982 0.050143
0.998999 -0.044725 -0.000113 8.347337 0.044726 0.998990 0.004204 0.264822 -0.000075 -0.004204 0.999991 0.063676
0.998810 -0.048775 -0.000609 10.006330 0.048776 0.998808 0.002031 0.347451 0.000510 -0.002059 0.999998 0.073735
0.998638 -0.052168 0.000177 11.710382 0.052168 0.998638 -0.001142 0.439322 -0.000117 0.001150 0.999999 0.083711
0.998368 -0.056768 -0.006168 14.329879 0.056805 0.998367 0.006013 0.610220 0.005817 -0.006353 0.999963 0.100683
0.998227 -0.059359 -0.004500 16.112908 0.059387 0.998215 0.006376 0.719577 0.004114 -0.006632 0.999970 0.119250
0.998081 -0.061865 -0.002511 17.927682 0.061880 0.998063 0.006392 0.840896 0.002111 -0.006535 0.999976 0.142641
0.997879 -0.065068 -0.002031 20.673512 0.065078 0.997866 0.005266 1.023852 0.001684 -0.005387 0.999984 0.167982
0.997998 -0.062735 0.008072 23.486431 0.062690 0.998017 0.005686 1.216103 -0.008413 -0.005168 0.999951 0.178530
0.998204 -0.059532 0.006647 25.381388 0.059500 0.998216 0.005042 1.340799 -0.006935 -0.004637 0.999965 0.178001
0.998365 -0.057153 -0.001023 27.296967 0.057159 0.998340 0.007070 1.463739 0.000617 -0.007117 0.999974 0.185682
0.998398 -0.056334 0.005235 29.249993 0.056323 0.998410 0.002315 1.574240 -0.005357 -0.002017 0.999984 0.196038
0.998262 -0.058217 0.009111 31.211896 0.058303 0.998253 -0.009575 1.680622 -0.008538 0.010089 0.999913 0.201559
0.998131 -0.061081 0.001864 33.177097 0.061096 0.998084 -0.009726 1.804086 -0.001266 0.009822 0.999951 0.208146
0.997860 -0.065171 0.005393 36.190340 0.065213 0.997838 -0.008186 2.011436 -0.004848 0.008520 0.999952 0.214062
0.997786 -0.066165 0.006658 37.205512 0.066205 0.997788 -0.005931 2.086850 -0.006251 0.006359 0.999960 0.224220
0.997658 -0.067223 0.012594 39.201893 0.067295 0.997719 -0.005360 2.227338 -0.012205 0.006195 0.999906 0.233249
0.997601 -0.067734 0.014273 41.211720 0.067738 0.997703 0.000158 2.384357 -0.014251 0.000809 0.999898 0.220978
0.997667 -0.067481 0.010355 43.214874 0.067449 0.997717 0.003401 2.533128 -0.010561 -0.002695 0.999941 0.219042
0.997431 -0.070432 0.013045 46.191453 0.070432 0.997517 0.000455 2.746348 -0.013044 0.000465 0.999915 0.212419
0.997444 -0.071243 0.005519 48.137755 0.071219 0.997451 0.004462 2.903970 -0.005822 -0.004057 0.999975 0.215114
0.997334 -0.072027 0.011667 51.068010 0.072021 0.997403 0.000880 3.123478 -0.011700 -0.000037 0.999932 0.231495
0.997281 -0.072899 0.010744 53.965883 0.072962 0.997319 -0.005546 3.330187 -0.010311 0.006314 0.999927 0.238654
0.997070 -0.074761 0.016190 55.880554 0.074917 0.997147 -0.009282 3.474795 -0.015449 0.010468 0.999826 0.230933
0.996794 -0.076378 0.023845 57.782894 0.076628 0.997012 -0.009766 3.624946 -0.023028 0.011561 0.999668 0.217808
0.996781 -0.079797 0.007801 60.565867 0.079838 0.996794 -0.005184 3.863172 -0.007363 0.005790 0.999956 0.216169
0.996488 -0.082896 0.011826 63.259029 0.082861 0.996555 0.003435 4.108056 -0.012070 -0.002443 0.999924 0.216025
0.996274 -0.085350 0.012404 64.982824 0.085275 0.996337 0.006453 4.269107 -0.012909 -0.005371 0.999902 0.220912
0.996015 -0.088163 0.013486 66.654739 0.088077 0.996090 0.006818 4.425381 -0.014035 -0.005603 0.999886 0.226792
0.995534 -0.092068 0.020882 69.076929 0.091857 0.995713 0.010895 4.662951 -0.021796 -0.008928 0.999723 0.216071
0.995300 -0.094915 0.019229 70.598163 0.094612 0.995383 0.016140 4.820908 -0.020672 -0.014244 0.999685 0.216992
0.995243 -0.097245 0.005925 72.036563 0.097138 0.995138 0.016246 4.971632 -0.007476 -0.015594 0.999850 0.216497
0.995089 -0.098688 0.007678 73.408480 0.098520 0.994938 0.019803 5.122271 -0.009593 -0.018950 0.999774 0.216183
0.994870 -0.100890 0.007440 74.701563 0.100753 0.994768 0.016877 5.255098 -0.009104 -0.016040 0.999830 0.227085
0.995332 -0.096495 -0.001510 76.496265 0.096503 0.995305 0.007431 5.430039 0.000785 -0.007542 0.999971 0.250069
0.996136 -0.087720 0.004210 77.632155 0.087668 0.996087 0.011201 5.547473 -0.005176 -0.010789 0.999928 0.254239
0.997166 -0.074094 0.013026 78.712501 0.074059 0.997249 0.003161 5.613237 -0.013225 -0.002187 0.999910 0.272671
0.999444 -0.030597 0.013238 80.224964 0.030375 0.999400 0.016653 5.708889 -0.013740 -0.016241 0.999774 0.268264
0.998754 0.046641 0.017758 81.622298 -0.046833 0.998848 0.010505 5.646719 -0.017247 -0.011324 0.999787 0.272681
0.987090 0.158633 0.022124 82.944375 -0.158888 0.987243 0.010295 5.457094 -0.020209 -0.013677 0.999702 0.266909
0.932486 0.360646 0.020101 84.562472 -0.360928 0.932507 0.012723 4.913152 -0.014156 -0.019119 0.999717 0.264501
0.810279 0.585810 0.016577 85.847857 -0.586003 0.810232 0.011117 4.038711 -0.006919 -0.018722 0.999801 0.261838
0.683060 0.730060 0.021009 86.635140 -0.730307 0.683079 0.007339 3.198645 -0.008993 -0.020357 0.999752 0.262779
0.495961 0.868133 0.019193 87.394910 -0.868336 0.495937 0.006329 1.911544 -0.004024 -0.019804 0.999796 0.276638
0.332378 0.943145 -0.001690 87.861050 -0.943127 0.332360 -0.006968 0.495902 -0.006010 0.003910 0.999974 0.294663
0.239534 0.970782 0.014322 88.172345 -0.970875 0.239428 0.008736 -0.606952 0.005052 -0.015997 0.999859 0.297423
0.149515 0.988755 -0.002936 88.408179 -0.988478 0.149543 0.023423 -2.241965 0.023599 -0.000599 0.999721 0.312234
0.101691 0.994815 0.001724 88.565605 -0.994684 0.101649 0.016454 -3.608290 0.016194 -0.003388 0.999863 0.350529
0.066526 0.997765 -0.006190 88.660525 -0.997694 0.066603 0.013092 -5.098820 0.013475 0.005305 0.999895 0.381702
0.052425 0.998577 -0.009811 88.715107 -0.998524 0.052557 0.013696 -6.182909 0.014193 0.009078 0.999858 0.398331
0.036347 0.999250 -0.013326 88.787995 -0.999216 0.036548 0.015223 -7.939611 0.015698 0.012762 0.999795 0.427102
0.027855 0.999469 -0.016929 88.841988 -0.999506 0.028094 0.014088 -9.861856 0.014556 0.016529 0.999757 0.458313
0.027846 0.999328 -0.023831 88.872219 -0.999517 0.028164 0.013117 -11.227883 0.013779 0.023454 0.999630 0.484117
0.038229 0.998845 -0.029092 88.944064 -0.999178 0.038603 0.012388 -13.404175 0.013497 0.028595 0.999500 0.518346
0.050774 0.998292 -0.028910 89.061244 -0.998673 0.051001 0.007173 -15.740495 0.008635 0.028508 0.999556 0.549441
0.062358 0.997780 -0.023386 89.218868 -0.997986 0.062609 0.010183 -18.146512 0.011625 0.022704 0.999675 0.590582
0.064038 0.997870 -0.012448 89.406771 -0.997767 0.064259 0.018195 -20.607779 0.018956 0.011255 0.999757 0.637210
0.064049 0.997893 -0.010364 89.521464 -0.997823 0.064201 0.015084 -22.260870 0.015718 0.009375 0.999833 0.685679
0.064547 0.997906 -0.004280 89.705120 -0.997797 0.064604 0.015075 -24.717375 0.015320 0.003298 0.999877 0.750457
0.057281 0.998348 0.004526 89.886341 -0.998260 0.057211 0.014256 -27.172123 0.013973 -0.005335 0.999888 0.813313
0.046229 0.998896 0.008314 89.978238 -0.998886 0.046146 0.009910 -28.804731 0.009515 -0.008763 0.999916 0.851853
0.020451 0.999744 0.009679 90.062573 -0.999737 0.020348 0.010568 -31.242046 0.010369 -0.009892 0.999897 0.911024
-0.011491 0.999894 0.008993 90.069701 -0.999904 -0.011560 0.007666 -33.638853 0.007769 -0.008904 0.999930 0.961799
-0.033738 0.999388 0.009261 90.031734 -0.999396 -0.033812 0.008046 -35.211652 0.008354 -0.008984 0.999925 0.998265
-0.054635 0.998462 0.009361 89.962127 -0.998456 -0.054725 0.009550 -36.754818 0.010048 -0.008825 0.999911 1.033783
-0.083530 0.996474 0.007851 89.800184 -0.996443 -0.083610 0.010517 -39.027852 0.011136 -0.006945 0.999914 1.084686
-0.105194 0.994449 0.002374 89.581267 -0.994424 -0.105208 0.007253 -41.231080 0.007462 -0.001598 0.999971 1.134449
-0.111952 0.993711 -0.002425 89.420487 -0.993706 -0.111941 0.004109 -42.640609 0.003811 0.002870 0.999989 1.165355
-0.114689 0.993395 -0.003584 89.269102 -0.993397 -0.114677 0.003542 -44.005778 0.003107 0.003967 0.999987 1.189346
-0.106238 0.994325 -0.005526 89.061903 -0.994324 -0.106203 0.006318 -45.921461 0.005696 0.006166 0.999965 1.229178
-0.087454 0.996162 -0.003643 88.962921 -0.996146 -0.087426 0.007097 -47.111303 0.006751 0.004249 0.999968 1.252262
-0.035767 0.999359 -0.001708 88.903213 -0.999296 -0.035746 0.011418 -48.764914 0.011349 0.002115 0.999933 1.295186
0.016814 0.999858 0.001055 88.933986 -0.999721 0.016794 0.016591 -49.811745 0.016571 -0.001334 0.999862 1.320246
0.129845 0.991530 0.002983 89.115161 -0.991478 0.129805 0.011035 -51.364635 0.010555 -0.004391 0.999935 1.359696
0.222780 0.974824 0.009340 89.367738 -0.974866 0.222749 0.004320 -52.370496 0.002131 -0.010067 0.999947 1.380439
0.444801 0.895613 0.005385 90.142662 -0.895620 0.444762 0.007182 -54.155734 0.004037 -0.008017 0.999960 1.409409
0.670039 0.742318 -0.003366 91.347541 -0.742133 0.669962 0.019738 -55.607342 0.016907 -0.010727 0.999800 1.431587
0.843492 0.537092 0.007286 92.854594 -0.537137 0.843464 0.007229 -56.671434 -0.002263 -0.010012 0.999947 1.469655
0.937659 0.346652 0.025034 94.640095 -0.347002 0.937798 0.011175 -57.359217 -0.019603 -0.019165 0.999624 1.470079
0.969962 0.242231 0.022316 96.522536 -0.242508 0.970092 0.010600 -57.848582 -0.019081 -0.015694 0.999695 1.453662
0.975272 0.219766 0.023382 97.523798 -0.220222 0.975262 0.019135 -58.047043 -0.018598 -0.023811 0.999543 1.431726
0.977355 0.210540 0.021195 98.559274 -0.211150 0.976913 0.032503 -58.237116 -0.013862 -0.036242 0.999247 1.417404
0.977175 0.211890 0.015194 99.633875 -0.212282 0.976682 0.032080 -58.466990 -0.008043 -0.034573 0.999370 1.414678
0.975421 0.220291 0.005047 100.750013 -0.220335 0.974848 0.033539 -58.723300 0.002468 -0.033827 0.999425 1.413985
0.971957 0.234673 0.015113 102.533445 -0.235082 0.971275 0.036906 -59.119929 -0.006018 -0.039424 0.999204 1.413400
0.969988 0.241933 0.024314 103.774239 -0.242608 0.969651 0.030307 -59.429592 -0.016243 -0.035296 0.999245 1.407579
0.969039 0.246025 0.020874 105.046484 -0.246485 0.968864 0.023385 -59.758693 -0.014471 -0.027806 0.999509 1.393890
0.970048 0.242874 0.004484 107.030371 -0.242904 0.969664 0.027387 -60.246541 0.002303 -0.027656 0.999615 1.390388
0.970984 0.238702 0.014556 108.432913 -0.238976 0.970787 0.021505 -60.590456 -0.008997 -0.024359 0.999663 1.387852
0.972004 0.234086 0.020313 109.880376 -0.234536 0.971818 0.023707 -60.926141 -0.014191 -0.027807 0.999513 1.383294
0.974398 0.224630 0.009512 112.116532 -0.224821 0.973892 0.031465 -61.426137 -0.002196 -0.032798 0.999460 1.366762
0.976012 0.217406 0.011654 113.680425 -0.217642 0.975683 0.025954 -61.777169 -0.005728 -0.027868 0.999595 1.371023
0.976633 0.214357 0.015490 115.264185 -0.214651 0.976470 0.020770 -62.127502 -0.010673 -0.023609 0.999664 1.362156
0.976783 0.213516 0.017503 116.880503 -0.213799 0.976742 0.016285 -62.478538 -0.013619 -0.019649 0.999714 1.356044
0.976695 0.214080 0.015364 118.522030 -0.214438 0.976348 0.027586 -62.813382 -0.009095 -0.030238 0.999501 1.346905
0.975925 0.217364 0.017963 120.190981 -0.217940 0.975077 0.041566 -63.151111 -0.008480 -0.044480 0.998974 1.344532
0.974596 0.223070 0.020083 121.867551 -0.223773 0.973585 0.045366 -63.510527 -0.009432 -0.048708 0.998769 1.335483
0.973851 0.226540 0.017141 123.547164 -0.227044 0.973139 0.038100 -63.899853 -0.008049 -0.040996 0.999127 1.336001
0.973113 0.229599 0.018303 126.074018 -0.230107 0.972581 0.033726 -64.495633 -0.010057 -0.037030 0.999264 1.346136
0.972523 0.231069 0.028406 127.759498 -0.232043 0.971968 0.037864 -64.872476 -0.018861 -0.043415 0.998879 1.323061
0.972416 0.233099 0.008501 129.392559 -0.233254 0.971783 0.035073 -65.262911 -0.000086 -0.036088 0.999349 1.331410
0.972659 0.232106 0.007843 131.037745 -0.232237 0.972188 0.030279 -65.658851 -0.000597 -0.031273 0.999511 1.349420
0.972602 0.229334 0.038084 132.720625 -0.230072 0.973039 0.016211 -66.058131 -0.033339 -0.024529 0.999143 1.327737
0.973673 0.226762 0.023249 134.339197 -0.227430 0.973273 0.031860 -66.408466 -0.015403 -0.036309 0.999222 1.329699
0.975121 0.221237 0.013917 136.756328 -0.221544 0.974780 0.026884 -66.959613 -0.007618 -0.029298 0.999542 1.321955
0.976994 0.212923 0.012111 138.368339 -0.213195 0.976567 0.029422 -67.305966 -0.005563 -0.031327 0.999494 1.324470
0.978459 0.205829 0.015894 140.784767 -0.206314 0.977660 0.040181 -67.782177 -0.007268 -0.042595 0.999066 1.337259
0.978984 0.202960 0.019933 142.380544 -0.203592 0.978330 0.037694 -68.110012 -0.011851 -0.040960 0.999090 1.334708
0.980419 0.196530 0.012420 143.951958 -0.196826 0.979958 0.030677 -68.428235 -0.006142 -0.032521 0.999452 1.341684
0.982912 0.183454 0.015099 145.534148 -0.183812 0.982583 0.027270 -68.731906 -0.009833 -0.029580 0.999514 1.340571
0.984362 0.173236 0.031948 147.144020 -0.174005 0.984475 0.023065 -69.014744 -0.027456 -0.028264 0.999223 1.341232
0.985909 0.164330 0.031298 148.731443 -0.165232 0.985833 0.028824 -69.259373 -0.026118 -0.033589 0.999094 1.307212
0.988313 0.151644 0.015542 150.298391 -0.152034 0.987978 0.028033 -69.501507 -0.011104 -0.030068 0.999486 1.291594
0.990393 0.136841 0.019898 151.926512 -0.137434 0.989985 0.032281 -69.718257 -0.015281 -0.034706 0.999281 1.277702
0.992777 0.119187 0.013699 153.550737 -0.119661 0.991942 0.041627 -69.895145 -0.008627 -0.042966 0.999039 1.267676
0.994610 0.102852 0.013116 155.190179 -0.103301 0.993839 0.040151 -70.063210 -0.008905 -0.041289 0.999108 1.269984
0.995942 0.086298 0.025551 156.853989 -0.087380 0.995168 0.044786 -70.190673 -0.021562 -0.046836 0.998670 1.255603
0.996959 0.071778 0.030345 158.506898 -0.073096 0.996317 0.044834 -70.302838 -0.027015 -0.046916 0.998533 1.233909
0.997717 0.063174 0.023855 160.152578 -0.064288 0.996717 0.049216 -70.394634 -0.020667 -0.050637 0.998503 1.216841
0.998357 0.053228 0.021227 162.617220 -0.054382 0.996826 0.058143 -70.499995 -0.018064 -0.059202 0.998083 1.190039
0.998188 0.046668 0.037974 164.289580 -0.048906 0.996981 0.060303 -70.567697 -0.035045 -0.062051 0.997458 1.159749
0.998956 0.037656 0.025861 165.914540 -0.038864 0.998095 0.047919 -70.640421 -0.024007 -0.048874 0.998516 1.146960
0.999499 0.023547 0.021130 167.551200 -0.024576 0.998454 0.049865 -70.676822 -0.019924 -0.050359 0.998532 1.108896
0.999505 0.008610 0.030246 169.221441 -0.009834 0.999129 0.040544 -70.699018 -0.029871 -0.040822 0.998720 1.089081
0.999412 -0.002950 0.034146 170.892248 0.002030 0.999635 0.026940 -70.709906 -0.034213 -0.026855 0.999054 1.048764
0.999713 -0.016075 0.017780 172.546498 0.015786 0.999743 0.016297 -70.699207 -0.018037 -0.016012 0.999709 1.015691
0.999340 -0.029560 0.021122 174.235870 0.029329 0.999507 0.011174 -70.666842 -0.021442 -0.010547 0.999714 0.999002
0.998385 -0.039838 0.040508 175.950249 0.038939 0.998983 0.022741 -70.573037 -0.041373 -0.021127 0.998920 0.957900
0.998577 -0.045049 0.028534 177.635264 0.044383 0.998736 0.023573 -70.485851 -0.029559 -0.022273 0.999315 0.931346
0.998636 -0.050073 0.014803 179.315982 0.049549 0.998197 0.033874 -70.374653 -0.016473 -0.033094 0.999316 0.887284
0.998195 -0.053036 0.028176 181.025225 0.052285 0.998274 0.026763 -70.288939 -0.029547 -0.025242 0.999245 0.862718
0.998086 -0.056629 0.024862 183.589228 0.056029 0.998137 0.024170 -70.134373 -0.026184 -0.022731 0.999399 0.806216
0.998119 -0.060316 0.010971 185.289013 0.060226 0.998149 0.008402 -70.057901 -0.011458 -0.007725 0.999905 0.793568
0.997712 -0.063014 0.024503 187.009504 0.062664 0.997925 0.014793 -69.931160 -0.025384 -0.013224 0.999590 0.762746
0.997558 -0.065045 0.025457 188.694706 0.064654 0.997781 0.015893 -69.814754 -0.026434 -0.014208 0.999550 0.749037
0.997594 -0.065924 0.021458 191.216773 0.065419 0.997582 0.023457 -69.616583 -0.022953 -0.021996 0.999495 0.718032
0.997376 -0.067248 0.026796 192.893760 0.066414 0.997314 0.030895 -69.486342 -0.028801 -0.029034 0.999163 0.692905
0.997382 -0.068352 0.023619 194.538038 0.067591 0.997211 0.031648 -69.362073 -0.025717 -0.029969 0.999220 0.678928
0.996912 -0.073587 0.027426 196.979807 0.072493 0.996607 0.038975 -69.170398 -0.030201 -0.036866 0.998864 0.629492
0.996395 -0.075630 0.038431 198.550889 0.074539 0.996794 0.029085 -69.063285 -0.040508 -0.026115 0.998838 0.597638
0.996766 -0.075462 0.027606 200.049117 0.074702 0.996823 0.027620 -68.943452 -0.029603 -0.025469 0.999237 0.573511
0.997083 -0.074062 0.018471 201.469386 0.073615 0.997002 0.023831 -68.833367 -0.020180 -0.022402 0.999545 0.559077
0.997911 -0.061738 0.019017 203.510019 0.061293 0.997850 0.023196 -68.688248 -0.020409 -0.021982 0.999550 0.562206
0.998238 -0.049882 0.032131 204.859347 0.048859 0.998297 0.031862 -68.593530 -0.033666 -0.030236 0.998976 0.544289
0.999083 -0.036365 0.022606 206.160049 0.035656 0.998883 0.031007 -68.531832 -0.023709 -0.030173 0.999263 0.508721
0.999710 -0.022030 0.009713 207.445093 0.021687 0.999182 0.034120 -68.486656 -0.010456 -0.033899 0.999371 0.503228
0.999823 -0.009276 0.016398 208.763888 0.008772 0.999496 0.030508 -68.478377 -0.016673 -0.030359 0.999400 0.491213
0.999698 0.002558 0.024446 210.050853 -0.003000 0.999832 0.018078 -68.500839 -0.024396 -0.018146 0.999538 0.490766
0.999613 0.007387 0.026808 211.326066 -0.007963 0.999738 0.021438 -68.498379 -0.026642 -0.021643 0.999411 0.465110
0.999479 0.006706 0.031569 212.617950 -0.007400 0.999732 0.021917 -68.499562 -0.031414 -0.022139 0.999261 0.440084
0.999568 0.006329 0.028700 213.910263 -0.007232 0.999479 0.031470 -68.487915 -0.028486 -0.031664 0.999093 0.412979
0.999921 0.003234 0.012142 215.209859 -0.003646 0.999415 0.033998 -68.479873 -0.012025 -0.034040 0.999348 0.394297
0.999900 -0.004262 0.013514 216.542559 0.003826 0.999477 0.032107 -68.475907 -0.013644 -0.032052 0.999393 0.386234
0.999178 -0.012645 0.038512 217.918345 0.011373 0.999389 0.033050 -68.448048 -0.038906 -0.032585 0.998711 0.349589
0.998901 -0.022265 0.041240 219.970824 0.021074 0.999355 0.029094 -68.407992 -0.041861 -0.028193 0.998726 0.296426
0.999198 -0.028037 0.028585 221.344168 0.027482 0.999429 0.019634 -68.378642 -0.029119 -0.018833 0.999399 0.255751
0.998828 -0.030479 0.037589 222.767396 0.030312 0.999528 0.005018 -68.359436 -0.037724 -0.003872 0.999281 0.217536
0.998744 -0.032760 0.037923 224.168656 0.032860 0.999458 -0.002034 -68.318237 -0.037836 0.003278 0.999279 0.181488
0.998873 -0.034074 0.033030 225.553079 0.034565 0.999299 -0.014407 -68.290620 -0.032516 0.015533 0.999351 0.148310
0.998563 -0.035639 0.040029 226.955612 0.036388 0.999173 -0.018165 -68.242625 -0.039349 0.019596 0.999033 0.108123
0.998461 -0.037256 0.041071 228.343300 0.038139 0.999053 -0.020932 -68.190188 -0.040252 0.022466 0.998937 0.073846
0.998995 -0.037012 0.025277 229.695300 0.037615 0.999008 -0.023841 -68.139310 -0.024369 0.024768 0.999396 0.047748
0.998951 -0.036997 0.026997 231.706961 0.037561 0.999080 -0.020705 -68.053614 -0.026206 0.021697 0.999421 0.012486
0.998325 -0.038512 0.043170 233.615720 0.039493 0.998975 -0.022102 -67.982668 -0.042275 0.023770 0.998823 -0.017874
0.997592 -0.053105 0.044609 235.344784 0.054677 0.997898 -0.034785 -67.911942 -0.042668 0.037141 0.998399 -0.063610
0.996227 -0.078053 0.037938 236.411023 0.079514 0.996084 -0.038653 -67.829477 -0.034772 0.041523 0.998532 -0.087289
0.992206 -0.118800 0.037597 237.425173 0.120369 0.991813 -0.042647 -67.712334 -0.032223 0.046840 0.998383 -0.107331
0.978103 -0.203365 0.044234 238.912566 0.205247 0.977756 -0.043215 -67.423020 -0.034462 0.051347 0.998086 -0.135640
0.930094 -0.366063 0.030393 240.682058 0.366895 0.929817 -0.028792 -66.752800 -0.017720 0.037930 0.999123 -0.156999
0.861304 -0.507930 0.012735 241.805193 0.507899 0.861397 0.005799 -66.011138 -0.013915 0.001474 0.999902 -0.165981
0.721180 -0.692647 0.011845 243.050684 0.691787 0.720974 0.040332 -64.841226 -0.036476 -0.020893 0.999116 -0.186336
0.548442 -0.836100 0.012182 243.960040 0.833863 0.547944 0.066560 -63.429132 -0.062326 -0.026347 0.997708 -0.249829
0.342249 -0.939434 0.018140 244.568337 0.938356 0.342726 0.045031 -61.962554 -0.048521 0.001610 0.998821 -0.327459
0.151647 -0.988345 0.013324 244.873344 0.987468 0.152081 0.042170 -60.161218 -0.043705 0.006762 0.999022 -0.404382
0.021349 -0.999742 0.007761 244.935005 0.999179 0.021603 0.034271 -58.192867 -0.034430 0.007023 0.999382 -0.477037
-0.020373 -0.999788 0.002959 244.897066 0.999312 -0.020271 0.031044 -57.122889 -0.030977 0.003590 0.999514 -0.508561
-0.045569 -0.998958 -0.002322 244.827028 0.998564 -0.045617 0.028106 -56.006348 -0.028183 -0.001037 0.999602 -0.540132
-0.056078 -0.998419 -0.003713 244.753618 0.998083 -0.056156 0.026008 -54.828814 -0.026175 -0.002248 0.999655 -0.567797
-0.059317 -0.998235 -0.002727 244.628585 0.997863 -0.059369 0.027289 -52.922550 -0.027403 -0.001102 0.999624 -0.615516
-0.058090 -0.998311 -0.000263 244.546342 0.997979 -0.058077 0.025772 -51.550634 -0.025744 0.001235 0.999668 -0.651128
-0.056024 -0.998428 0.001745 244.465047 0.998181 -0.055971 0.022412 -50.099535 -0.022279 0.002998 0.999747 -0.684899
-0.052172 -0.998634 0.002688 244.322808 0.998395 -0.052100 0.022198 -47.747745 -0.022028 0.003841 0.999750 -0.740695
-0.048706 -0.998780 0.008107 244.241641 0.998561 -0.048509 0.022876 -46.081218 -0.022455 0.009210 0.999705 -0.774561
-0.045409 -0.998911 0.010675 244.110398 0.998524 -0.045068 0.030306 -43.466951 -0.029792 0.012035 0.999484 -0.833138
-0.044204 -0.998941 0.012768 244.024729 0.998407 -0.043725 0.035666 -41.693313 -0.035070 0.014324 0.999282 -0.876232
-0.046327 -0.998838 0.013303 243.935866 0.998513 -0.045921 0.029382 -39.930427 -0.028737 0.014645 0.999480 -0.914972
-0.050717 -0.998561 0.017446 243.846654 0.998193 -0.050119 0.033153 -38.160619 -0.032231 0.019096 0.999298 -0.953259
-0.059683 -0.997962 0.022597 243.690694 0.997330 -0.058661 0.043487 -35.513378 -0.042072 0.025132 0.998798 -1.017860
-0.064825 -0.997668 0.021351 243.568864 0.997172 -0.063948 0.039478 -33.771595 -0.038020 0.023850 0.998992 -1.068854
-0.068784 -0.997438 0.019674 243.440696 0.996983 -0.068015 0.037403 -32.033406 -0.035969 0.022188 0.999107 -1.114529
-0.070961 -0.997391 0.013282 243.290413 0.996968 -0.070492 0.032943 -30.296750 -0.031920 0.015579 0.999369 -1.152977
-0.070525 -0.997468 0.009199 243.149218 0.997112 -0.070233 0.028902 -28.574414 -0.028183 0.011211 0.999540 -1.185726
-0.065323 -0.997807 0.010705 242.963061 0.997435 -0.064977 0.030015 -26.012576 -0.029254 0.012638 0.999492 -1.224589
-0.061963 -0.997937 0.016828 242.858480 0.997567 -0.061382 0.033062 -24.327273 -0.031961 0.018835 0.999312 -1.259995
-0.058356 -0.998099 0.019841 242.761013 0.997817 -0.057701 0.032129 -22.650085 -0.030923 0.021673 0.999287 -1.287465
-0.056116 -0.998209 0.020733 242.662560 0.997948 -0.055437 0.032028 -20.988864 -0.030821 0.022488 0.999272 -1.314856
-0.058825 -0.998015 0.022507 242.511472 0.997469 -0.057860 0.041328 -18.507501 -0.039943 0.024881 0.998892 -1.378754
-0.063463 -0.997760 0.021150 242.395115 0.997336 -0.062643 0.037368 -16.879883 -0.035960 0.023465 0.999078 -1.417667
-0.076009 -0.996959 0.017212 242.203326 0.996637 -0.075432 0.031996 -14.454818 -0.030601 0.019586 0.999340 -1.470755
-0.085626 -0.996249 0.012493 242.057442 0.995794 -0.085164 0.033792 -12.860041 -0.032602 0.015334 0.999351 -1.503195
-0.093682 -0.995586 0.005653 241.890208 0.994928 -0.093408 0.037330 -11.285978 -0.036637 0.009122 0.999287 -1.538759
-0.098737 -0.995111 -0.002078 241.711500 0.994468 -0.098748 0.035806 -9.729498 -0.035836 0.001469 0.999357 -1.573297
-0.101382 -0.994770 -0.012393 241.448688 0.994179 -0.101763 0.035392 -7.486876 -0.036468 -0.008733 0.999297 -1.632423
-0.101175 -0.994710 -0.017754 241.281027 0.994186 -0.101750 0.035224 -6.043876 -0.036844 -0.014087 0.999222 -1.663557
-0.099138 -0.994825 -0.022259 241.121735 0.994347 -0.099895 0.035975 -4.666048 -0.038012 -0.018566 0.999105 -1.697683
-0.093466 -0.995330 -0.024123 240.988645 0.994832 -0.094329 0.037571 -3.346189 -0.039671 -0.020486 0.999003 -1.724532
-0.087844 -0.995795 -0.025996 240.862788 0.995409 -0.088745 0.035844 -2.081768 -0.038000 -0.022728 0.999019 -1.752433
-0.082135 -0.996368 -0.022469 240.758344 0.995944 -0.082889 0.035010 -0.869032 -0.036746 -0.019502 0.999134 -1.778785
-0.066448 -0.997533 -0.022637 240.578879 0.997070 -0.067245 0.036455 1.356129 -0.037887 -0.020149 0.999079 -1.832595
-0.057690 -0.998116 -0.020907 240.517866 0.997578 -0.058449 0.037711 2.370444 -0.038862 -0.018680 0.999070 -1.858507
-0.038705 -0.999065 -0.019249 240.429757 0.998303 -0.039500 0.042784 4.196806 -0.043504 -0.017561 0.998899 -1.900184
-0.021249 -0.999644 -0.016113 240.404299 0.998789 -0.021941 0.044036 5.392864 -0.044374 -0.015158 0.998900 -1.931069
0.001195 -0.999926 -0.012118 240.405180 0.999125 0.000687 0.041816 6.717999 -0.041804 -0.012158 0.999052 -1.960457
0.021893 -0.999740 -0.006359 240.441538 0.999236 0.021675 0.032534 7.985400 -0.032387 -0.007067 0.999450 -1.985970
0.034850 -0.999380 -0.005089 240.477185 0.999306 0.034780 0.013316 8.988647 -0.013130 -0.005549 0.999898 -2.018512
0.099797 -0.994982 -0.007218 240.572822 0.994960 0.099718 0.010519 10.078865 -0.009746 -0.008231 0.999919 -2.036132
0.192318 -0.981326 -0.003659 240.778632 0.981151 0.192209 0.019981 11.083557 -0.018904 -0.007433 0.999794 -2.044378
0.372919 -0.927752 0.014437 241.335754 0.927266 0.373192 0.030107 12.494434 -0.033320 0.002160 0.999442 -2.070463
0.558286 -0.829452 0.018055 242.078545 0.828519 0.558529 0.040018 13.636826 -0.043278 -0.007382 0.999036 -2.114174
0.699479 -0.714415 0.018435 242.879135 0.713807 0.699673 0.030614 14.422718 -0.034770 -0.008255 0.999361 -2.142559
0.859939 -0.509997 0.020176 244.322681 0.509430 0.860072 0.027519 15.362981 -0.031387 -0.013386 0.999418 -2.207510
0.935337 -0.352844 0.025431 245.660694 0.352461 0.935646 0.018371 15.857978 -0.030276 -0.008219 0.999508 -2.241727
0.965736 -0.258773 0.019788 246.658587 0.258443 0.965863 0.017768 16.120193 -0.023710 -0.012045 0.999646 -2.280830
0.983450 -0.179768 0.022561 247.741388 0.179404 0.983624 0.017265 16.307973 -0.025295 -0.012932 0.999596 -2.299956
0.994729 -0.099262 0.025725 249.528595 0.098981 0.995017 0.011963 16.501253 -0.026784 -0.009353 0.999597 -2.338496
0.997199 -0.069726 0.027047 250.799095 0.069500 0.997539 0.009204 16.590359 -0.027622 -0.007298 0.999592 -2.368841
0.998666 -0.045326 0.024728 252.826830 0.045143 0.998949 0.007918 16.697197 -0.025061 -0.006791 0.999663 -2.419645
0.998963 -0.038304 0.024624 254.259056 0.038146 0.999249 0.006832 16.754265 -0.024867 -0.005886 0.999673 -2.453411
0.998987 -0.035385 0.027801 255.752521 0.035194 0.999354 0.007309 16.814070 -0.028041 -0.006323 0.999587 -2.487712
0.998903 -0.034952 0.031170 257.317327 0.034796 0.999379 0.005515 16.871070 -0.031344 -0.004424 0.999499 -2.528286
0.998911 -0.038350 0.026569 258.938531 0.038272 0.999261 0.003430 16.933786 -0.026681 -0.002409 0.999641 -2.571626
0.999036 -0.040492 0.016980 260.604727 0.040366 0.999155 0.007745 17.015696 -0.017279 -0.007052 0.999826 -2.605117
0.998877 -0.040989 0.023742 262.334521 0.040746 0.999113 0.010617 17.100838 -0.024157 -0.009638 0.999662 -2.634704
0.998421 -0.040640 0.038769 264.132520 0.040402 0.999160 0.006897 17.176493 -0.039017 -0.005320 0.999224 -2.684416
0.998662 -0.041817 0.030433 265.957247 0.041807 0.999125 0.000961 17.252745 -0.030447 0.000313 0.999536 -2.735714
0.998823 -0.044625 0.018990 267.808412 0.044656 0.999002 -0.001208 17.341255 -0.018917 0.002055 0.999819 -2.780059
0.998621 -0.045658 0.025930 270.714677 0.045605 0.998956 0.002637 17.489098 -0.026024 -0.001450 0.999660 -2.827335
0.998260 -0.045977 0.036922 272.704798 0.045903 0.998942 0.002839 17.588574 -0.037013 -0.001139 0.999314 -2.877900
0.998464 -0.045541 0.031564 274.724758 0.045548 0.998962 0.000499 17.683653 -0.031554 0.000940 0.999502 -2.933602
0.998520 -0.047291 0.026865 277.813929 0.047321 0.998880 -0.000485 17.833249 -0.026812 0.001756 0.999639 -2.999843
0.998159 -0.050638 0.033382 279.916896 0.050760 0.998707 -0.002801 17.941794 -0.033197 0.004490 0.999439 -3.049273
0.998178 -0.054039 0.026848 282.025546 0.054237 0.998506 -0.006693 18.057638 -0.026446 0.008137 0.999617 -3.094953
0.998117 -0.057454 0.021470 284.129808 0.057582 0.998326 -0.005422 18.185415 -0.021123 0.006648 0.999755 -3.130799
0.997795 -0.060725 0.026787 286.252918 0.060809 0.998147 -0.002327 18.323772 -0.026597 0.003951 0.999638 -3.159409
0.997371 -0.063268 0.035329 288.387671 0.063310 0.997994 -0.000079 18.473565 -0.035254 0.002315 0.999376 -3.204693
0.997338 -0.064680 0.033674 291.522380 0.064657 0.997906 0.001764 18.691386 -0.033717 0.000418 0.999431 -3.273794
0.997431 -0.064817 0.030488 292.571941 0.064785 0.997897 0.002044 18.767519 -0.030557 -0.000064 0.999533 -3.298457
0.997541 -0.065315 0.025422 294.651580 0.065289 0.997865 0.001865 18.910885 -0.025489 -0.000201 0.999675 -3.332326
0.997472 -0.064312 0.030225 296.727426 0.064235 0.997929 0.003487 19.057056 -0.030386 -0.001536 0.999537 -3.371052
0.997434 -0.063726 0.032612 298.787840 0.063513 0.997953 0.007517 19.204799 -0.033024 -0.005427 0.999440 -3.408098
0.997169 -0.063060 0.040964 300.841776 0.062636 0.997970 0.011546 19.348189 -0.041608 -0.008947 0.999094 -3.464646
0.997379 -0.062503 0.036450 302.892227 0.061901 0.997930 0.017406 19.496252 -0.037462 -0.015104 0.999184 -3.520144
0.997663 -0.061730 0.029283 304.932537 0.061101 0.997891 0.021907 19.643852 -0.030573 -0.020067 0.999331 -3.575515
0.997744 -0.061415 0.027104 306.961538 0.060692 0.997798 0.026735 19.788408 -0.028686 -0.025030 0.999275 -3.617657
0.997640 -0.061573 0.030400 309.007662 0.060752 0.997782 0.027214 19.926650 -0.032008 -0.025303 0.999167 -3.662908
0.997520 -0.061966 0.033374 311.071609 0.061102 0.997785 0.026316 20.062925 -0.034931 -0.024212 0.999096 -3.712169
0.997602 -0.060630 0.033396 313.148744 0.059710 0.997827 0.027872 20.200335 -0.035013 -0.025811 0.999053 -3.768084
0.997685 -0.059175 0.033507 315.227642 0.058268 0.997924 0.027418 20.331872 -0.035060 -0.025402 0.999062 -3.822011
0.997708 -0.058058 0.034744 317.336537 0.057078 0.997961 0.028556 20.469143 -0.036331 -0.026507 0.998988 -3.886450
0.997914 -0.057246 0.029839 319.463699 0.056394 0.997998 0.028648 20.597532 -0.031419 -0.026905 0.999144 -3.937766
0.997911 -0.057574 0.029296 321.607739 0.056789 0.998022 0.026947 20.729123 -0.030790 -0.025227 0.999207 -3.989836
0.997665 -0.057290 0.037176 323.769134 0.056286 0.998035 0.027537 20.864752 -0.038681 -0.025380 0.998929 -4.048180
0.997535 -0.056658 0.041398 325.924192 0.055591 0.998102 0.026490 20.993013 -0.042820 -0.024124 0.998791 -4.114247
0.997569 -0.056652 0.040580 328.076677 0.055799 0.998203 0.021835 21.115343 -0.041744 -0.019517 0.998938 -4.175421
0.997645 -0.056976 0.038199 329.137682 0.056190 0.998192 0.021342 21.180056 -0.039346 -0.019146 0.999042 -4.206236
0.997478 -0.057756 0.041259 332.336485 0.057180 0.998251 0.015007 21.365737 -0.042054 -0.012610 0.999036 -4.298017
0.997310 -0.057859 0.044992 333.416031 0.057405 0.998287 0.011319 21.427625 -0.045570 -0.008706 0.998923 -4.333740
0.997293 -0.058688 0.044295 335.531435 0.058451 0.998268 0.006609 21.550064 -0.044606 -0.004002 0.998997 -4.398073
0.997477 -0.059319 0.038991 337.621964 0.059279 0.998239 0.002174 21.675518 -0.039051 0.000143 0.999237 -4.465190
0.997244 -0.060597 0.042805 339.692594 0.060712 0.998154 -0.001376 21.801555 -0.042643 0.003971 0.999082 -4.523002
0.997056 -0.061703 0.045511 340.702270 0.061882 0.998080 -0.002519 21.864628 -0.045268 0.005328 0.998961 -4.547667
0.996737 -0.063394 0.049973 342.723140 0.063772 0.997946 -0.006005 21.993855 -0.049489 0.009172 0.998733 -4.611282
0.996704 -0.065365 0.048049 344.697960 0.065883 0.997784 -0.009259 22.127425 -0.047337 0.012394 0.998802 -4.679561
0.996658 -0.067521 0.045972 346.629883 0.067973 0.997652 -0.008347 22.267723 -0.045300 0.011444 0.998908 -4.746808
0.996514 -0.068944 0.046981 348.511932 0.069396 0.997557 -0.008051 22.405163 -0.046311 0.011283 0.998863 -4.807986
0.996443 -0.069847 0.047151 350.350348 0.070123 0.997529 -0.004232 22.545781 -0.046739 0.007523 0.998879 -4.865210
0.996607 -0.069434 0.044202 352.132201 0.069675 0.997562 -0.003926 22.678713 -0.043822 0.006993 0.999015 -4.920669
0.996731 -0.066844 0.045368 353.847348 0.067047 0.997745 -0.002953 22.808917 -0.045069 0.005985 0.998966 -4.970873
0.996859 -0.063322 0.047562 355.501032 0.063693 0.997949 -0.006330 22.916796 -0.047063 0.009340 0.998848 -5.016207
0.996937 -0.059468 0.050788 357.071695 0.060027 0.998151 -0.009559 23.013569 -0.050126 0.012578 0.998664 -5.067844
0.996934 -0.056379 0.054257 358.549866 0.056933 0.998340 -0.008722 23.105710 -0.053676 0.011784 0.998489 -5.118957
0.997226 -0.053703 0.051530 359.920174 0.054233 0.998488 -0.008950 23.187058 -0.050971 0.011720 0.998631 -5.163086
0.997731 -0.051186 0.043726 361.207354 0.051617 0.998628 -0.008798 23.260780 -0.043215 0.011035 0.999005 -5.202592
0.997645 -0.049694 0.047270 362.420104 0.050153 0.998705 -0.008578 23.325915 -0.046782 0.010929 0.998845 -5.246557
0.997280 -0.051980 0.052250 363.530554 0.052536 0.998576 -0.009310 23.386129 -0.051691 0.012030 0.998591 -5.273957
0.996600 -0.069805 0.043779 365.029720 0.070132 0.997520 -0.005991 23.497638 -0.043252 0.009041 0.999023 -5.324373
0.989643 -0.137496 0.041245 366.825562 0.137668 0.990478 -0.001335 23.738597 -0.040668 0.007000 0.999148 -5.375269
0.963144 -0.264514 0.048850 368.518527 0.264795 0.964304 0.000739 24.169257 -0.047302 0.012223 0.998806 -5.423121
0.873536 -0.483016 0.060252 370.375202 0.482997 0.875479 0.015855 25.102956 -0.060407 0.015252 0.998057 -5.511884
0.739805 -0.669672 0.065023 371.676785 0.669029 0.742438 0.034446 26.246779 -0.071343 0.018019 0.997289 -5.611938
0.601637 -0.794812 0.079417 372.528716 0.795376 0.605268 0.032069 27.310041 -0.073558 0.043872 0.996326 -5.687033
0.368260 -0.926220 0.080635 373.372316 0.928466 0.370885 0.019894 29.109074 -0.048332 0.067541 0.996545 -5.794386
0.173905 -0.980457 0.091983 373.696766 0.984220 0.176150 0.016815 30.632676 -0.032689 0.087608 0.995619 -5.837779
0.059014 -0.995466 0.074601 373.723136 0.997568 0.061584 0.032639 31.720366 -0.037085 0.072493 0.996679 -5.871170
-0.028365 -0.998071 0.055221 373.651524 0.998917 -0.026264 0.038404 32.858366 -0.036879 0.056250 0.997735 -5.897996
-0.097445 -0.994174 0.046072 373.468794 0.994132 -0.095047 0.051655 34.682920 -0.046975 0.050835 0.997602 -5.950108
-0.111896 -0.992962 0.038801 373.303275 0.993236 -0.110538 0.035537 35.925377 -0.030998 0.042515 0.998615 -5.989211
-0.113813 -0.992680 0.040402 373.153300 0.993399 -0.113121 0.019022 37.201587 -0.014312 0.042300 0.999002 -6.034309
-0.110839 -0.992746 0.046594 372.923400 0.993535 -0.109526 0.029863 39.236379 -0.024543 0.049603 0.998467 -6.058201
-0.108344 -0.993329 0.039478 372.752208 0.993817 -0.107257 0.028692 40.635550 -0.024266 0.042342 0.998808 -6.087112
-0.100680 -0.994405 0.031978 372.586744 0.994674 -0.099890 0.025403 42.101252 -0.022066 0.034365 0.999166 -6.115673
-0.091886 -0.995400 0.027134 372.426910 0.995430 -0.091109 0.028619 43.626104 -0.026016 0.029639 0.999222 -6.146810
-0.084188 -0.996137 0.024981 372.278831 0.995949 -0.083324 0.033798 45.210262 -0.031586 0.027725 0.999116 -6.185809
-0.077757 -0.996697 0.023418 372.133798 0.996574 -0.077041 0.030092 46.869635 -0.028188 0.025677 0.999273 -6.228597
-0.071243 -0.997113 0.026282 372.001201 0.996902 -0.070299 0.035278 48.596909 -0.033329 0.028714 0.999032 -6.281490
-0.065968 -0.997414 0.028524 371.880977 0.996861 -0.064624 0.045727 50.370240 -0.043765 0.031451 0.998547 -6.340891
-0.060610 -0.997755 0.028491 371.763245 0.997148 -0.059238 0.046764 52.170212 -0.044971 0.031245 0.998500 -6.403836
-0.057343 -0.998031 0.025430 371.644389 0.997634 -0.056315 0.039427 53.990060 -0.037918 0.027631 0.998899 -6.471925
-0.057488 -0.998002 0.026231 371.535452 0.997620 -0.056425 0.039628 55.837011 -0.038069 0.028447 0.998870 -6.528504
-0.059495 -0.997858 0.027213 371.420435 0.997417 -0.058326 0.041922 57.695292 -0.040245 0.029636 0.998750 -6.582842
-0.061772 -0.997786 0.024639 371.293050 0.997212 -0.060664 0.043444 59.541637 -0.041853 0.027254 0.998752 -6.637753
-0.065270 -0.997615 0.022438 371.100839 0.996990 -0.064254 0.043382 62.290756 -0.041836 0.025202 0.998807 -6.717896
-0.069713 -0.997317 0.022348 370.970387 0.996800 -0.068763 0.040751 64.123328 -0.039105 0.025117 0.998919 -6.764560
-0.077310 -0.996778 0.021395 370.822943 0.995992 -0.076245 0.046758 65.952102 -0.044976 0.024924 0.998677 -6.823878
-0.084415 -0.996310 0.015531 370.651849 0.995349 -0.083587 0.047899 67.763959 -0.046424 0.019502 0.998731 -6.877274
-0.089244 -0.995924 0.013076 370.481149 0.995186 -0.088629 0.041830 69.543127 -0.040501 0.016746 0.999039 -6.944587
-0.092352 -0.995625 0.014220 370.216074 0.994861 -0.091667 0.043006 72.226109 -0.041515 0.018118 0.998974 -7.020867
-0.090411 -0.995806 0.014010 370.039705 0.995094 -0.089762 0.041596 74.017861 -0.040164 0.017702 0.999036 -7.070804
-0.083760 -0.996429 0.010607 369.868871 0.995712 -0.083271 0.040290 75.800202 -0.039263 0.013937 0.999132 -7.126215
-0.069740 -0.997527 0.008746 369.644760 0.996545 -0.069270 0.045824 78.461081 -0.045105 0.011911 0.998911 -7.211212
-0.059539 -0.998181 0.009482 369.523125 0.997128 -0.059026 0.047449 80.221694 -0.046803 0.012280 0.998829 -7.271807
-0.048865 -0.998751 0.010469 369.421975 0.997814 -0.048347 0.045056 81.986519 -0.044493 0.012648 0.998930 -7.328557
-0.038693 -0.999201 0.010005 369.339380 0.998350 -0.038231 0.042836 83.736671 -0.042419 0.011646 0.999032 -7.388100
-0.028974 -0.999527 0.010356 369.272423 0.998584 -0.028481 0.044929 85.476340 -0.044613 0.011644 0.998936 -7.442757
-0.020238 -0.999738 0.010647 369.222124 0.998610 -0.019695 0.048888 87.214651 -0.048665 0.011621 0.998748 -7.508967
-0.011573 -0.999777 0.017669 369.187268 0.998715 -0.010685 0.049545 89.754847 -0.049345 0.018220 0.998616 -7.597863
-0.008876 -0.999707 0.022502 369.173950 0.998842 -0.007800 0.047468 91.367199 -0.047278 0.022897 0.998619 -7.654023
-0.008837 -0.999601 0.026811 369.159269 0.998928 -0.007606 0.045660 92.896480 -0.045438 0.027186 0.998597 -7.691626
-0.012212 -0.999448 0.030884 369.146168 0.998930 -0.010817 0.044955 94.331857 -0.044596 0.031400 0.998511 -7.733698
-0.019945 -0.999200 0.034656 369.122379 0.998638 -0.018238 0.048883 95.682404 -0.048212 0.035584 0.998203 -7.773246
-0.030862 -0.998806 0.037873 369.083327 0.998329 -0.028950 0.050019 96.924902 -0.048862 0.039353 0.998030 -7.810125
-0.044467 -0.998247 0.039048 369.027789 0.998028 -0.042656 0.046046 98.128337 -0.044300 0.041019 0.998176 -7.844379
-0.059639 -0.997461 0.038916 368.952171 0.997213 -0.057782 0.047202 99.321815 -0.044834 0.041622 0.998127 -7.882578
-0.073696 -0.996566 0.037744 368.853210 0.996381 -0.071969 0.045233 100.502843 -0.042361 0.040941 0.998263 -7.919864
-0.086389 -0.995571 0.037090 368.744087 0.995647 -0.084968 0.038311 101.659661 -0.034990 0.040238 0.998577 -7.954982
-0.098185 -0.994473 0.037189 368.624317 0.994727 -0.096961 0.033415 102.816728 -0.029624 0.040274 0.998749 -7.981959
-0.108306 -0.993541 0.033842 368.486186 0.993735 -0.107257 0.031418 103.989594 -0.027585 0.037033 0.998933 -8.007742
-0.117240 -0.992492 0.034842 368.342038 0.992749 -0.116188 0.030824 105.187500 -0.026545 0.038204 0.998917 -8.028115
-0.123913 -0.991858 0.029393 368.173925 0.992002 -0.123105 0.027861 106.401965 -0.024016 0.032610 0.999180 -8.052753
-0.128162 -0.991362 0.027845 367.911122 0.991512 -0.127461 0.025635 108.290960 -0.021865 0.030894 0.999283 -8.088436
-0.128215 -0.991396 0.026377 367.733109 0.991374 -0.127392 0.030807 109.605685 -0.027182 0.030099 0.999177 -8.113485
-0.125875 -0.991934 0.014932 367.443126 0.990470 -0.124812 0.058231 111.690862 -0.055898 0.022120 0.998191 -8.184246
-0.120014 -0.992713 0.010858 367.250628 0.991439 -0.119279 0.053112 113.125826 -0.051430 0.017139 0.998530 -8.238083
-0.107407 -0.994189 0.007167 366.971132 0.993316 -0.107001 0.043281 115.384126 -0.042262 0.011767 0.999037 -8.340176
