1.000000 -0.000000 0.000000 0.000000 0.000000 1.000000 0.000000 0.000000 -0.000000 -0.000000 1.000000 0.000000
0.997732 0.067193 -0.003890 1.201736 -0.067206 0.997734 -0.003306 -0.030126 0.003659 0.003560 0.999987 0.004002
0.987514 0.157236 -0.009610 3.085592 -0.157259 0.987556 -0.001694 -0.226881 0.009224 0.003184 0.999952 0.030263
0.968324 0.249418 -0.011820 5.067072 -0.249488 0.968365 -0.004897 -0.640724 0.010224 0.007691 0.999918 0.079867
0.941496 0.336581 -0.017254 6.976567 -0.336767 0.941543 -0.009218 -1.221027 0.013143 0.014489 0.999809 0.152074
0.906114 0.422637 -0.018290 8.819504 -0.422853 0.906143 -0.010017 -1.985398 0.012340 0.016811 0.999783 0.177989
0.837294 0.546455 -0.018027 11.371453 -0.546673 0.837279 -0.010587 -3.398599 0.009308 0.018720 0.999781 0.245911
0.782149 0.622730 -0.021219 12.961255 -0.623027 0.782105 -0.012241 -4.550586 0.008973 0.022794 0.999700 0.284301
0.721260 0.692274 -0.023262 14.389900 -0.692633 0.721142 -0.014634 -5.817580 0.006645 0.026667 0.999622 0.337952
0.616141 0.787077 -0.029675 16.327671 -0.787602 0.616029 -0.013873 -7.957196 0.007362 0.031920 0.999463 0.384929
0.540845 0.840287 -0.037465 17.396013 -0.841063 0.540799 -0.012234 -9.498014 0.009981 0.038127 0.999223 0.431162
0.464030 0.884769 -0.043130 18.343301 -0.885783 0.463903 -0.013513 -11.165164 0.008052 0.044474 0.998978 0.449800
0.358454 0.932301 -0.048225 19.526630 -0.933536 0.358229 -0.013517 -13.834097 0.004673 0.049865 0.998745 0.500113
0.292692 0.954893 -0.050102 20.152187 -0.956207 0.292283 -0.015481 -15.717164 -0.000138 0.052439 0.998624 0.520715
0.198332 0.978903 -0.049122 20.902997 -0.980134 0.198003 -0.011524 -18.634171 -0.001555 0.050432 0.998726 0.529895
0.136869 0.989359 -0.049357 21.244483 -0.990571 0.136392 -0.012931 -20.697790 -0.006062 0.050662 0.998697 0.536834
0.055157 0.996895 -0.056194 21.538417 -0.998426 0.054493 -0.013289 -23.895056 -0.010185 0.056839 0.998331 0.519693
0.011289 0.997737 -0.066276 21.588030 -0.999850 0.010394 -0.013824 -26.106166 -0.013104 0.066422 0.997706 0.508721
-0.036631 0.996403 -0.076419 21.538343 -0.999159 -0.037929 -0.015607 -29.481776 -0.018450 0.075783 0.996954 0.471361
-0.061875 0.995102 -0.077100 21.426612 -0.997856 -0.063328 -0.016541 -31.786122 -0.021342 0.075911 0.996886 0.439137
-0.093527 0.992567 -0.077864 21.147514 -0.995488 -0.094485 -0.008708 -35.345514 -0.016000 0.076699 0.996926 0.381009
-0.112801 0.990550 -0.078019 20.768087 -0.993513 -0.113582 -0.005627 -39.071354 -0.014435 0.076878 0.996936 0.321456
-0.120712 0.989668 -0.077364 20.460501 -0.992604 -0.121345 -0.003520 -41.677580 -0.012871 0.076367 0.996997 0.286617
-0.128807 0.988518 -0.079003 19.975034 -0.991520 -0.129765 -0.007086 -45.737921 -0.017256 0.077421 0.996849 0.224262
-0.131803 0.987955 -0.081075 19.606176 -0.991122 -0.132781 -0.006760 -48.565020 -0.017444 0.079465 0.996685 0.167582
-0.132288 0.987797 -0.082207 19.220956 -0.991076 -0.133186 -0.005515 -51.477859 -0.016396 0.080744 0.996600 0.117627
-0.129112 0.988240 -0.081923 18.645786 -0.991500 -0.129992 -0.005479 -55.977525 -0.016064 0.080519 0.996624 0.053044
-0.127673 0.988414 -0.082082 18.260195 -0.991701 -0.128481 -0.004618 -59.082659 -0.015111 0.080811 0.996615 0.007034
-0.123983 0.988724 -0.083983 17.659328 -0.992146 -0.124935 -0.006158 -63.908683 -0.016581 0.082560 0.996448 -0.059666
-0.122730 0.988500 -0.088346 17.255248 -0.992281 -0.123818 -0.006918 -67.207103 -0.017777 0.086815 0.996066 -0.115690
-0.120591 0.988685 -0.089214 16.844109 -0.992563 -0.121590 -0.005827 -70.574751 -0.016609 0.087847 0.995995 -0.160900
-0.120048 0.988716 -0.089608 16.438814 -0.992607 -0.121164 -0.007106 -74.001855 -0.017883 0.088093 0.995952 -0.215417
-0.119717 0.988523 -0.092137 15.819010 -0.992644 -0.120869 -0.007000 -79.254854 -0.018056 0.090621 0.995722 -0.290821
-0.121648 0.988412 -0.090790 15.401561 -0.992430 -0.122673 -0.005778 -82.825848 -0.016849 0.089400 0.995853 -0.346390
-0.124497 0.988191 -0.089330 14.971801 -0.992070 -0.125536 -0.006081 -86.437699 -0.017223 0.087865 0.995983 -0.397072
-0.127332 0.988066 -0.086673 14.297217 -0.991692 -0.128431 -0.007201 -91.980973 -0.018246 0.085036 0.996211 -0.476597
-0.133652 0.987328 -0.085564 13.809939 -0.990872 -0.134663 -0.006133 -95.736320 -0.017578 0.083964 0.996314 -0.537032
-0.142346 0.986387 -0.082334 13.300033 -0.989629 -0.143446 -0.007572 -99.557759 -0.019280 0.080402 0.996576 -0.602081
-0.156623 0.984342 -0.080867 12.455013 -0.987513 -0.157480 -0.004292 -105.355557 -0.016960 0.079185 0.996716 -0.674143
-0.166461 0.982949 -0.078114 11.839213 -0.985893 -0.167315 -0.004477 -109.275976 -0.017470 0.076266 0.996934 -0.724709
-0.183149 0.980149 -0.075919 10.834109 -0.982878 -0.184150 -0.006347 -115.199160 -0.020201 0.073457 0.997094 -0.812809
-0.200499 0.976708 -0.076428 9.694391 -0.979489 -0.201440 -0.004734 -121.194138 -0.020019 0.073911 0.997064 -0.893297
-0.211469 0.974489 -0.075184 8.873713 -0.977174 -0.212396 -0.004456 -125.213490 -0.020311 0.072525 0.997160 -0.958203
-0.224479 0.971341 -0.078135 7.533843 -0.974205 -0.225594 -0.005645 -131.295099 -0.023110 0.074852 0.996927 -1.059944
-0.231975 0.969461 -0.079583 6.592457 -0.972442 -0.233092 -0.004915 -135.386609 -0.023315 0.076249 0.996816 -1.134761
-0.239745 0.967728 -0.077615 5.611932 -0.970550 -0.240849 -0.005044 -139.517521 -0.023575 0.074120 0.996971 -1.214979
-0.247938 0.965838 -0.075391 4.591552 -0.968490 -0.249003 -0.004916 -143.668287 -0.023521 0.071797 0.997142 -1.298674
-0.256903 0.963531 -0.074898 3.527521 -0.966151 -0.257942 -0.004378 -147.844467 -0.023538 0.071238 0.997182 -1.376342
-0.269821 0.959945 -0.075511 1.842042 -0.962572 -0.270975 -0.005290 -154.180026 -0.025539 0.071258 0.997131 -1.497845
-0.277217 0.957797 -0.076003 0.654835 -0.960476 -0.278330 -0.004260 -158.429420 -0.025234 0.071818 0.997099 -1.583585
-0.285200 0.955422 -0.076357 -0.566722 -0.958174 -0.286180 -0.001980 -162.683273 -0.023743 0.072599 0.997079 -1.663368
-0.292239 0.953344 -0.075709 -1.822190 -0.956048 -0.293205 -0.001725 -166.951550 -0.023843 0.071877 0.997128 -1.748361
-0.303275 0.949566 -0.079674 -3.793433 -0.952557 -0.304357 -0.001504 -173.382912 -0.025678 0.075438 0.996820 -1.871469
-0.308089 0.947931 -0.080675 -5.163039 -0.950959 -0.309305 -0.002730 -177.708574 -0.027541 0.075878 0.996737 -1.965324
-0.317532 0.945122 -0.076932 -7.269279 -0.947935 -0.318465 0.000153 -184.232712 -0.024355 0.072975 0.997036 -2.106586
-0.323416 0.943377 -0.073762 -8.725354 -0.945993 -0.324184 0.001648 -188.596376 -0.022358 0.070311 0.997275 -2.201355
-0.334678 0.939397 -0.074328 -10.997156 -0.942000 -0.335612 -0.000078 -195.231076 -0.025019 0.069990 0.997234 -2.326762
-0.342180 0.936755 -0.073512 -12.568138 -0.939284 -0.343140 -0.000461 -199.664034 -0.025656 0.068891 0.997294 -2.420585
-0.352202 0.933044 -0.073361 -14.992139 -0.935574 -0.353130 0.000349 -206.300907 -0.025581 0.068757 0.997305 -2.549943
-0.360106 0.929699 -0.077357 -17.501166 -0.932487 -0.361203 -0.000203 -212.954229 -0.028130 0.072062 0.997003 -2.696124
-0.365876 0.927511 -0.076531 -19.216313 -0.930254 -0.366917 0.000497 -217.415737 -0.027620 0.071375 0.997067 -2.794653
-0.374732 0.924247 -0.073097 -21.819155 -0.926782 -0.375594 0.002088 -224.053251 -0.025525 0.068527 0.997323 -2.929688
-0.382321 0.920877 -0.076260 -24.528116 -0.923598 -0.383362 0.001070 -230.731074 -0.028249 0.070842 0.997087 -3.058744
-0.388324 0.918517 -0.074374 -26.363488 -0.921074 -0.389388 0.000211 -235.195284 -0.028767 0.068586 0.997230 -3.155468
-0.398641 0.914305 -0.071635 -29.167897 -0.916614 -0.399771 -0.001577 -241.836403 -0.030079 0.065033 0.997430 -3.313537
-0.406880 0.910769 -0.070349 -31.090471 -0.912943 -0.408077 -0.002916 -246.281939 -0.031363 0.063038 0.997518 -3.418496
-0.413658 0.907774 -0.069526 -33.035463 -0.909890 -0.414840 -0.002847 -250.687874 -0.031427 0.062083 0.997576 -3.533405
-0.425644 0.902300 -0.068428 -36.032778 -0.904325 -0.426833 -0.003084 -257.254576 -0.031990 0.060568 0.997651 -3.701022
-0.432354 0.899037 -0.069301 -38.070983 -0.901128 -0.433547 -0.002426 -261.604338 -0.032226 0.061400 0.997593 -3.832548
-0.442536 0.893791 -0.072801 -41.230704 -0.896191 -0.443668 0.000693 -268.144921 -0.031680 0.065550 0.997346 -4.015236
-0.448860 0.890441 -0.075092 -43.381038 -0.893098 -0.449843 0.004227 -272.513848 -0.030016 0.068962 0.997168 -4.134364
-0.458797 0.885377 -0.074919 -46.688129 -0.888045 -0.459725 0.005368 -279.083128 -0.029690 0.068994 0.997175 -4.336472
-0.468502 0.880440 -0.073016 -50.120863 -0.882990 -0.469351 0.006132 -285.728817 -0.028871 0.067346 0.997312 -4.538766
-0.473642 0.877433 -0.075991 -52.470130 -0.880177 -0.474607 0.005958 -290.173710 -0.030838 0.069708 0.997091 -4.666437
-0.478915 0.874455 -0.077261 -54.865935 -0.877253 -0.480001 0.005058 -294.663296 -0.032662 0.070200 0.996998 -4.810573
-0.485090 0.870861 -0.079307 -58.550861 -0.873744 -0.486374 0.003537 -301.434464 -0.035492 0.071009 0.996844 -5.051010
-0.490671 0.867985 -0.076440 -61.042584 -0.870719 -0.491753 0.005271 -305.950689 -0.033015 0.069144 0.997060 -5.211142
-0.503123 0.861171 -0.072478 -64.878727 -0.863453 -0.504428 0.000332 -312.812845 -0.036274 0.062748 0.997370 -5.461116
-0.511277 0.856370 -0.072296 -67.529511 -0.858553 -0.512723 -0.001686 -317.372201 -0.038511 0.061208 0.997382 -5.642438
-0.524447 0.848060 -0.075825 -71.605939 -0.850481 -0.526005 -0.000676 -324.216459 -0.040457 0.064133 0.997121 -5.919813
-0.531615 0.843503 -0.076733 -74.394923 -0.845834 -0.533432 -0.003823 -328.747526 -0.044157 0.062871 0.997044 -6.114917
-0.543978 0.835447 -0.078209 -78.649510 -0.837779 -0.545984 -0.005203 -335.528437 -0.047048 0.062691 0.996923 -6.418341
-0.551992 0.830174 -0.078205 -81.522804 -0.832366 -0.554172 -0.007674 -339.989161 -0.049710 0.060859 0.996908 -6.633723
-0.561615 0.823742 -0.077697 -85.916554 -0.825690 -0.564010 -0.011317 -346.627759 -0.053145 0.057798 0.996913 -6.983531
-0.567920 0.820085 -0.070194 -88.896755 -0.821491 -0.570059 -0.013616 -351.061401 -0.051180 0.049931 0.997440 -7.230900
-0.574355 0.815495 -0.071306 -91.905504 -0.816751 -0.576736 -0.017107 -355.461056 -0.055075 0.048413 0.997308 -7.475566
-0.580143 0.811613 -0.068683 -94.969730 -0.812638 -0.582466 -0.018786 -359.850579 -0.055252 0.044916 0.997462 -7.725106
-0.586151 0.807320 -0.068282 -98.075834 -0.807967 -0.588710 -0.024700 -364.241373 -0.060139 0.040691 0.997360 -7.997371
-0.592750 0.802585 -0.067119 -101.228500 -0.803080 -0.595299 -0.026098 -368.636460 -0.060902 0.038432 0.997404 -8.285559
-0.598639 0.798123 -0.068042 -104.450689 -0.798542 -0.601306 -0.027602 -373.037943 -0.062944 0.037811 0.997301 -8.573321
-0.603513 0.795343 -0.056580 -107.653693 -0.795063 -0.605637 -0.032840 -377.359201 -0.060386 0.025165 0.997858 -8.849364
-0.609985 0.790852 -0.049715 -110.871390 -0.791043 -0.611418 -0.020442 -381.639195 -0.046563 0.026857 0.998554 -9.109037
-0.612561 0.787748 -0.064977 -114.157771 -0.787933 -0.615085 -0.028851 -385.904464 -0.062694 0.033525 0.997470 -9.336579
-0.617664 0.783845 -0.063861 -117.461158 -0.782834 -0.620570 -0.045439 -390.216563 -0.075248 0.021927 0.996924 -9.690730
-0.625995 0.776960 -0.066809 -122.454945 -0.776683 -0.628864 -0.035957 -396.558631 -0.069951 0.029380 0.997118 -10.196131
-0.627995 0.775412 -0.066019 -124.137679 -0.775315 -0.630718 -0.032900 -398.665422 -0.067150 0.030524 0.997276 -10.358769
-0.635919 0.768616 -0.069550 -129.216610 -0.768471 -0.638942 -0.034726 -404.940977 -0.071130 0.031364 0.996974 -10.850290
-0.639999 0.765121 -0.070645 -132.641365 -0.764994 -0.643100 -0.034738 -409.106608 -0.072011 0.031811 0.996896 -11.187028
-0.640556 0.764578 -0.071473 -134.354958 -0.764481 -0.643714 -0.034649 -411.177857 -0.072500 0.032446 0.996841 -11.355626
-0.643513 0.761295 -0.079509 -139.525005 -0.761300 -0.647357 -0.036769 -417.365251 -0.079463 0.036869 0.996156 -11.886228
-0.646403 0.759476 -0.073216 -142.966471 -0.759233 -0.649765 -0.037025 -421.475997 -0.075693 0.031655 0.996629 -12.254771
-0.649623 0.757018 -0.070101 -146.431953 -0.756568 -0.652789 -0.038351 -425.576803 -0.074794 0.028123 0.996802 -12.612350
-0.651124 0.756081 -0.066179 -149.900507 -0.755337 -0.654061 -0.040877 -429.678365 -0.074191 0.023372 0.996970 -12.965416
-0.652230 0.754995 -0.067666 -153.378343 -0.754103 -0.655333 -0.043218 -433.747734 -0.076973 0.022839 0.996772 -13.315487
-0.650667 0.755276 -0.078680 -156.872342 -0.754431 -0.654752 -0.046199 -437.817070 -0.086409 0.029298 0.995829 -13.701594
-0.648155 0.757313 -0.079831 -160.361299 -0.756138 -0.652466 -0.050430 -441.893824 -0.090278 0.027677 0.995532 -14.122182
-0.645549 0.760888 -0.065698 -163.785946 -0.759219 -0.648691 -0.052786 -445.978949 -0.082782 0.015803 0.996442 -14.547532
-0.640171 0.765408 -0.065816 -167.205275 -0.763716 -0.643343 -0.053357 -450.065000 -0.083182 0.016107 0.996404 -14.930452
-0.635756 0.769296 -0.063225 -170.603195 -0.767574 -0.638727 -0.053464 -454.161958 -0.081513 0.014540 0.996566 -15.322433
-0.633295 0.772083 -0.053149 -173.956428 -0.769483 -0.635521 -0.063309 -458.295044 -0.082657 0.000804 0.996578 -15.726690
-0.631649 0.773972 -0.044575 -177.305414 -0.771060 -0.633166 -0.067586 -462.467579 -0.080533 -0.008320 0.996717 -16.117464
-0.628821 0.775918 -0.050348 -180.660991 -0.772811 -0.630815 -0.069538 -466.618421 -0.085716 -0.004818 0.996308 -16.496679
-0.627503 0.776984 -0.050348 -182.328190 -0.773683 -0.629490 -0.071808 -468.694934 -0.087488 -0.006106 0.996147 -16.706464
-0.625865 0.778584 -0.045829 -185.643307 -0.775357 -0.627473 -0.071404 -472.844948 -0.084350 -0.009155 0.996394 -17.123497
-0.624002 0.779938 -0.048155 -188.963210 -0.776801 -0.625825 -0.070170 -477.004024 -0.084865 -0.006379 0.996372 -17.516050
-0.622256 0.781194 -0.050335 -190.618450 -0.778019 -0.624271 -0.070518 -479.087774 -0.086510 -0.004719 0.996240 -17.717379
-0.620241 0.782785 -0.050494 -193.911602 -0.779495 -0.622271 -0.071883 -483.255599 -0.087690 -0.005224 0.996134 -18.130889
-0.619301 0.783471 -0.051381 -195.553597 -0.780085 -0.621408 -0.072937 -485.337565 -0.089073 -0.005088 0.996012 -18.343062
-0.618017 0.784547 -0.050400 -198.828043 -0.781099 -0.620038 -0.073734 -489.522761 -0.089098 -0.006201 0.996004 -18.770507
-0.617529 0.784965 -0.049877 -200.467055 -0.781602 -0.619511 -0.072834 -491.623105 -0.088071 -0.005993 0.996096 -18.984674
-0.616362 0.785798 -0.051182 -203.731922 -0.782236 -0.618452 -0.074990 -495.815171 -0.090581 -0.006184 0.995870 -19.404579
-0.616990 0.785326 -0.050866 -206.989499 -0.781562 -0.619033 -0.077202 -500.005728 -0.092116 -0.007878 0.995717 -19.844861
-0.616552 0.785672 -0.050824 -208.611351 -0.781942 -0.618596 -0.076844 -502.088328 -0.091814 -0.007637 0.995747 -20.064417
-0.616782 0.785411 -0.052054 -211.874750 -0.781525 -0.618927 -0.078408 -506.273085 -0.093800 -0.007679 0.995561 -20.503101
-0.617893 0.784496 -0.052671 -215.136214 -0.780338 -0.620068 -0.081167 -510.469750 -0.096335 -0.009051 0.995308 -20.959783
-0.617327 0.784989 -0.051963 -216.771611 -0.780837 -0.619437 -0.081193 -512.566994 -0.095923 -0.009549 0.995343 -21.195209
-0.617960 0.784465 -0.052336 -220.046447 -0.780349 -0.620106 -0.080767 -516.753951 -0.095813 -0.009070 0.995358 -21.654901
-0.617089 0.785137 -0.052542 -221.678343 -0.780986 -0.619256 -0.081135 -518.847733 -0.096239 -0.009033 0.995317 -21.886223
-0.616929 0.785318 -0.051706 -224.951985 -0.781130 -0.619012 -0.081615 -523.049177 -0.096101 -0.009961 0.995322 -22.346435
-0.617474 0.784813 -0.052870 -228.207924 -0.780404 -0.619645 -0.083725 -527.221102 -0.098469 -0.010438 0.995085 -22.811950
-0.616478 0.785517 -0.054019 -229.833997 -0.780978 -0.618756 -0.084939 -529.308031 -0.100146 -0.010176 0.994921 -23.056333
-0.616649 0.785331 -0.054756 -233.101029 -0.780876 -0.619009 -0.084021 -533.488644 -0.099879 -0.009054 0.994958 -23.532721
-0.615792 0.785953 -0.055489 -234.720350 -0.781461 -0.618227 -0.084346 -535.568708 -0.100596 -0.008577 0.994890 -23.774618
-0.615575 0.786103 -0.055763 -236.352410 -0.781495 -0.618029 -0.085469 -537.662805 -0.101651 -0.009034 0.994779 -24.017971
-0.615956 0.785864 -0.054911 -239.614429 -0.781183 -0.618314 -0.086259 -541.856467 -0.101740 -0.010236 0.994758 -24.510300
-0.616000 0.785774 -0.055711 -241.248677 -0.780959 -0.618427 -0.087475 -543.957114 -0.103189 -0.010376 0.994608 -24.759830
-0.616249 0.785526 -0.056444 -244.502474 -0.780418 -0.618721 -0.090181 -548.139046 -0.105762 -0.011524 0.994325 -25.269925
-0.617218 0.784865 -0.055038 -246.133790 -0.779851 -0.619545 -0.089416 -550.229589 -0.104279 -0.012268 0.994472 -25.522201
-0.617023 0.785131 -0.053404 -247.761180 -0.780328 -0.619206 -0.087592 -552.321022 -0.101839 -0.012373 0.994724 -25.777696
-0.617545 0.784569 -0.055577 -251.027737 -0.779585 -0.619931 -0.089062 -556.495844 -0.104330 -0.011673 0.994474 -26.274317
-0.616844 0.784976 -0.057584 -252.663974 -0.779829 -0.619431 -0.090404 -558.590902 -0.106634 -0.010859 0.994239 -26.531288
-0.617517 0.784416 -0.058003 -255.924112 -0.779355 -0.620154 -0.089528 -562.759669 -0.106198 -0.010080 0.994294 -27.051255
-0.617483 0.784327 -0.059538 -259.205702 -0.779291 -0.620287 -0.089165 -566.952498 -0.106865 -0.008661 0.994236 -27.568840
-0.616623 0.784881 -0.061142 -260.850254 -0.779739 -0.619597 -0.090040 -569.056585 -0.108554 -0.007846 0.994060 -27.831046
-0.616774 0.784713 -0.061768 -264.108182 -0.779450 -0.619807 -0.091081 -573.223278 -0.109756 -0.008032 0.993926 -28.362967
-0.615835 0.785360 -0.062902 -265.750272 -0.780064 -0.618998 -0.091335 -575.325321 -0.110667 -0.007180 0.993832 -28.628683
-0.615523 0.785568 -0.063363 -269.005761 -0.780024 -0.618722 -0.093520 -579.499673 -0.112671 -0.008140 0.993599 -29.171990
-0.614734 0.786246 -0.062605 -270.644993 -0.780528 -0.617839 -0.095134 -581.601545 -0.113478 -0.009618 0.993494 -29.450459
-0.613753 0.787003 -0.062713 -273.904796 -0.781481 -0.616892 -0.093442 -585.796840 -0.112226 -0.008341 0.993648 -30.002914
-0.613074 0.787453 -0.063699 -275.534912 -0.781980 -0.616333 -0.092958 -587.895016 -0.112460 -0.007179 0.993630 -30.269426
-0.611494 0.788528 -0.065568 -278.762981 -0.782856 -0.614965 -0.094627 -592.060367 -0.114938 -0.006533 0.993351 -30.819938
-0.611498 0.788563 -0.065103 -280.378719 -0.782907 -0.614916 -0.094521 -594.160978 -0.114569 -0.006830 0.993392 -31.089977
-0.609735 0.789999 -0.064223 -283.609989 -0.784288 -0.613060 -0.095126 -598.350307 -0.114522 -0.007633 0.993391 -31.651067
-0.609110 0.790486 -0.064168 -285.221383 -0.784665 -0.612426 -0.096098 -600.449586 -0.115263 -0.008183 0.993301 -31.928339
-0.607971 0.791447 -0.063113 -288.427206 -0.785417 -0.611156 -0.098022 -604.636414 -0.116151 -0.010025 0.993181 -32.490874
-0.608127 0.791426 -0.061863 -290.018107 -0.785306 -0.611156 -0.098907 -606.723669 -0.116085 -0.011567 0.993172 -32.776226
-0.607631 0.791803 -0.061905 -293.228245 -0.785671 -0.610667 -0.099034 -610.912059 -0.116218 -0.011540 0.993157 -33.339591
-0.608206 0.791265 -0.063137 -294.823640 -0.784943 -0.611365 -0.100488 -613.010478 -0.118112 -0.011558 0.992933 -33.623077
-0.608009 0.791517 -0.061856 -298.030234 -0.785103 -0.611007 -0.101410 -617.203224 -0.118062 -0.013095 0.992920 -34.208938
-0.608039 0.791603 -0.060438 -301.242217 -0.785481 -0.610902 -0.099088 -621.408348 -0.115360 -0.012777 0.993242 -34.780630
-0.608337 0.791324 -0.061088 -302.837904 -0.785203 -0.611274 -0.099002 -623.503248 -0.115684 -0.012260 0.993210 -35.063871
-0.607869 0.791458 -0.063954 -307.659118 -0.784999 -0.611115 -0.101561 -629.806980 -0.119465 -0.011532 0.992771 -35.927902
-0.607289 0.791923 -0.063701 -309.282368 -0.785470 -0.610510 -0.101561 -631.934655 -0.119319 -0.011642 0.992788 -36.222020
-0.607154 0.792030 -0.063663 -312.480126 -0.785535 -0.610367 -0.101916 -636.131372 -0.119578 -0.011869 0.992754 -36.807519
-0.605689 0.793117 -0.064086 -315.678258 -0.786458 -0.608948 -0.103274 -640.327207 -0.120933 -0.012150 0.992586 -37.392463
-0.605616 0.793188 -0.063895 -317.263812 -0.786467 -0.608847 -0.103806 -642.413387 -0.121240 -0.012615 0.992543 -37.687539
-0.604916 0.793738 -0.063690 -320.464586 -0.787052 -0.608130 -0.103569 -646.626900 -0.120938 -0.012523 0.992581 -38.277778
-0.603623 0.794590 -0.065314 -323.668447 -0.787767 -0.607034 -0.104560 -650.861039 -0.122730 -0.011663 0.992372 -38.872363
-0.602758 0.795308 -0.064567 -326.848801 -0.788703 -0.606104 -0.102883 -655.073722 -0.120958 -0.011089 0.992596 -39.469583
-0.602120 0.795724 -0.065377 -328.437623 -0.789077 -0.605568 -0.103178 -657.183707 -0.121691 -0.010538 0.992512 -39.766258
-0.600943 0.796442 -0.067441 -331.617912 -0.789591 -0.604638 -0.104681 -661.407489 -0.124150 -0.009656 0.992217 -40.362367
-0.600136 0.797029 -0.067685 -334.785923 -0.790026 -0.603857 -0.105902 -665.627763 -0.125280 -0.010083 0.992070 -40.975084
-0.599380 0.797681 -0.066697 -337.900892 -0.790785 -0.602992 -0.105168 -669.784894 -0.124108 -0.010293 0.992215 -41.577862
-0.598642 0.798251 -0.066502 -339.489998 -0.791379 -0.602238 -0.105016 -671.910201 -0.123879 -0.010239 0.992244 -41.883898
-0.598596 0.798316 -0.066139 -342.624055 -0.791323 -0.602136 -0.106025 -676.104960 -0.124466 -0.011129 0.992161 -42.491764
-0.598749 0.798277 -0.065214 -345.802148 -0.791082 -0.602152 -0.107719 -680.368949 -0.125259 -0.012907 0.992040 -43.107063
-0.599644 0.797685 -0.064239 -348.960876 -0.790487 -0.602915 -0.107814 -684.598900 -0.124732 -0.013870 0.992094 -43.722649
-0.600352 0.797096 -0.064933 -350.542047 -0.789816 -0.603696 -0.108358 -686.719098 -0.125572 -0.013768 0.991989 -44.029851
-0.600635 0.796690 -0.067250 -353.723756 -0.789254 -0.604257 -0.109324 -690.958628 -0.127734 -0.012587 0.991729 -44.652201
-0.600900 0.796518 -0.066919 -356.873078 -0.789069 -0.604476 -0.109449 -695.153898 -0.127629 -0.012964 0.991737 -45.281395
-0.600773 0.796592 -0.067184 -358.458451 -0.789225 -0.604392 -0.108785 -697.265609 -0.127263 -0.012332 0.991792 -45.597471
-0.599504 0.797244 -0.070689 -363.188810 -0.790026 -0.603597 -0.107375 -703.550425 -0.128272 -0.008526 0.991702 -46.529262
-0.598158 0.798280 -0.070397 -366.376307 -0.791054 -0.602224 -0.107519 -707.804227 -0.128225 -0.008626 0.991708 -47.159684
-0.598162 0.798363 -0.069421 -367.934643 -0.791126 -0.602102 -0.107672 -709.899819 -0.127760 -0.009484 0.991760 -47.474341
-0.596663 0.799514 -0.069069 -371.107608 -0.792185 -0.600564 -0.108473 -714.154383 -0.128206 -0.010006 0.991697 -48.106301
-0.595245 0.800280 -0.072363 -374.251310 -0.792706 -0.599571 -0.110146 -718.385719 -0.131535 -0.008201 0.991278 -48.738954
-0.594505 0.800774 -0.072967 -377.375749 -0.793315 -0.598925 -0.109275 -722.591734 -0.131206 -0.007079 0.991330 -49.379253
-0.593283 0.801767 -0.072003 -380.508167 -0.794508 -0.597598 -0.107861 -726.828395 -0.129508 -0.006785 0.991555 -50.022924
-0.591825 0.802836 -0.072092 -382.078958 -0.795620 -0.596166 -0.107585 -728.959847 -0.129351 -0.006314 0.991579 -50.345746
-0.591013 0.803415 -0.072304 -385.185343 -0.796267 -0.595392 -0.107084 -733.189143 -0.129082 -0.005715 0.991617 -50.972315
-0.589071 0.805009 -0.070403 -388.298782 -0.797546 -0.593202 -0.109684 -737.455910 -0.130060 -0.008462 0.991470 -51.617449
-0.588983 0.805095 -0.070153 -389.834545 -0.797651 -0.593084 -0.109567 -739.560418 -0.129819 -0.008576 0.991501 -51.937447
-0.587376 0.806192 -0.071016 -392.946202 -0.799018 -0.591619 -0.107506 -743.836273 -0.128685 -0.006404 0.991665 -52.567660
-0.586867 0.806479 -0.071970 -396.023555 -0.799061 -0.591226 -0.109329 -748.082299 -0.130722 -0.006653 0.991397 -53.203313
-0.587472 0.806051 -0.071826 -397.564658 -0.798381 -0.591793 -0.111216 -750.200190 -0.132152 -0.007992 0.991197 -53.535649
-0.587210 0.806532 -0.068483 -400.648145 -0.798996 -0.591103 -0.110468 -754.460432 -0.129577 -0.010150 0.991517 -54.177643
-0.587052 0.806476 -0.070474 -402.195738 -0.798883 -0.591203 -0.110746 -756.586399 -0.130978 -0.008713 0.991347 -54.498191
-0.584958 0.807527 -0.075662 -405.294629 -0.799977 -0.589818 -0.110235 -760.858711 -0.133644 -0.003955 0.991021 -55.154857
-0.583976 0.808303 -0.074956 -408.385295 -0.801167 -0.588761 -0.107197 -765.133065 -0.130779 -0.002548 0.991408 -55.810514
-0.584115 0.808275 -0.074173 -409.927423 -0.801362 -0.588801 -0.105509 -767.270657 -0.128953 -0.002190 0.991648 -56.133154
-0.581434 0.810035 -0.076007 -413.015912 -0.803023 -0.586381 -0.106355 -771.573344 -0.130720 -0.000803 0.991419 -56.769831
-0.578901 0.811945 -0.074958 -417.600433 -0.804684 -0.583728 -0.108374 -778.006153 -0.131748 -0.002420 0.991280 -57.751267
-0.578664 0.812118 -0.074918 -419.132183 -0.804779 -0.583487 -0.108967 -780.160503 -0.132207 -0.002763 0.991218 -58.077768
-0.576360 0.813865 -0.073712 -422.178578 -0.806565 -0.581045 -0.108805 -784.464377 -0.131382 -0.003257 0.991326 -58.736694
-0.576535 0.813699 -0.074177 -423.700168 -0.806435 -0.581281 -0.108516 -786.615483 -0.131417 -0.002744 0.991323 -59.051504
-0.576045 0.813947 -0.075244 -426.731302 -0.806405 -0.580931 -0.110594 -790.910731 -0.133729 -0.003030 0.991013 -59.704593
-0.575420 0.814454 -0.074548 -428.248023 -0.806690 -0.580211 -0.112277 -793.066710 -0.134698 -0.004470 0.990877 -60.033139
-0.576795 0.813725 -0.071820 -431.284105 -0.805975 -0.581209 -0.112252 -797.384815 -0.133084 -0.006861 0.991081 -60.699082
-0.576395 0.813995 -0.071977 -432.794365 -0.806214 -0.580832 -0.112490 -799.522164 -0.133373 -0.006810 0.991043 -61.022998
-0.578252 0.812486 -0.074102 -435.819839 -0.804761 -0.582958 -0.111891 -803.794589 -0.134108 -0.005067 0.990954 -61.677761
-0.578131 0.812470 -0.075212 -437.335854 -0.804724 -0.582987 -0.112003 -805.931395 -0.134847 -0.004228 0.990857 -62.004765
-0.579544 0.811401 -0.075872 -440.358619 -0.803403 -0.584468 -0.113761 -810.190542 -0.136650 -0.004973 0.990607 -62.666638
-0.579069 0.811946 -0.073644 -441.876708 -0.804066 -0.583700 -0.113018 -812.321582 -0.134750 -0.006231 0.990860 -63.001908
-0.578652 0.812393 -0.071972 -444.900167 -0.804807 -0.583077 -0.110935 -816.569830 -0.132088 -0.006269 0.991218 -63.650715
-0.578300 0.812564 -0.072862 -446.421209 -0.804937 -0.582845 -0.111215 -818.718531 -0.132837 -0.005666 0.991122 -63.977395
-0.578292 0.812509 -0.073543 -447.948785 -0.804786 -0.582923 -0.111890 -820.861870 -0.133781 -0.005519 0.990996 -64.306404
-0.575969 0.813960 -0.075686 -450.951674 -0.806165 -0.580909 -0.112441 -825.104561 -0.135489 -0.003747 0.990772 -64.963075
-0.575628 0.814116 -0.076602 -452.455492 -0.806340 -0.580695 -0.112285 -827.234398 -0.135895 -0.002867 0.990719 -65.294650
-0.573666 0.815440 -0.077234 -453.956701 -0.807658 -0.578838 -0.112410 -829.357097 -0.136369 -0.002107 0.990656 -65.628936
-0.571671 0.816758 -0.078095 -456.959589 -0.808875 -0.576979 -0.113207 -833.641600 -0.137522 -0.001548 0.990497 -66.300865
-0.570093 0.817783 -0.078898 -458.453762 -0.809809 -0.575526 -0.113930 -835.780780 -0.138578 -0.001058 0.990351 -66.642205
-0.567483 0.819595 -0.078911 -461.427082 -0.811218 -0.572938 -0.116905 -840.057890 -0.141026 -0.002327 0.990003 -67.326826
-0.566513 0.820392 -0.077589 -462.921335 -0.812013 -0.571792 -0.116999 -842.231731 -0.140350 -0.003278 0.990097 -67.682896
-0.564749 0.821533 -0.078366 -465.888564 -0.813157 -0.570156 -0.117042 -846.535400 -0.140835 -0.002375 0.990030 -68.377406
-0.564542 0.821610 -0.079051 -467.389500 -0.813143 -0.570046 -0.117672 -848.725481 -0.141743 -0.002151 0.989901 -68.734801
-0.565023 0.821264 -0.079206 -468.868426 -0.812678 -0.570542 -0.118478 -850.891833 -0.142492 -0.002574 0.989793 -69.087788
-0.564570 0.821498 -0.080006 -470.359749 -0.812632 -0.570203 -0.120408 -853.059617 -0.144535 -0.002963 0.989495 -69.448322
-0.564831 0.821537 -0.077736 -473.331108 -0.812277 -0.570119 -0.123170 -857.397126 -0.145508 -0.006427 0.989336 -70.170219
-0.564830 0.821635 -0.076693 -474.817929 -0.812513 -0.569973 -0.122286 -859.567646 -0.144188 -0.006756 0.989527 -70.537297
-0.564743 0.821712 -0.076510 -476.290640 -0.812429 -0.569853 -0.123396 -861.722652 -0.144995 -0.007528 0.989404 -70.894107
-0.563174 0.822837 -0.075991 -479.267606 -0.813389 -0.568216 -0.124617 -866.062002 -0.145719 -0.008371 0.989291 -71.628277
-0.563335 0.822713 -0.076139 -480.747062 -0.813414 -0.568405 -0.123587 -868.226801 -0.144954 -0.007688 0.989408 -71.988505
-0.562194 0.823361 -0.077554 -482.240009 -0.814021 -0.567481 -0.123836 -870.409636 -0.145972 -0.006489 0.989267 -72.349957
-0.561527 0.823615 -0.079661 -483.719996 -0.814087 -0.567124 -0.125032 -872.570973 -0.148156 -0.005358 0.988949 -72.714780
-0.560707 0.823958 -0.081857 -486.670143 -0.813947 -0.566627 -0.128160 -876.902954 -0.151981 -0.005233 0.988370 -73.457719
-0.560503 0.824070 -0.082125 -488.149864 -0.813882 -0.566460 -0.129304 -879.075559 -0.153076 -0.005635 0.988198 -73.834358
-0.559245 0.824929 -0.082077 -489.640534 -0.814809 -0.565212 -0.128928 -881.273475 -0.152747 -0.005226 0.988252 -74.215796
-0.556860 0.826233 -0.085123 -492.575573 -0.816446 -0.563327 -0.126799 -885.598799 -0.152718 -0.001111 0.988269 -74.965776
-0.554607 0.827615 -0.086398 -494.043024 -0.817824 -0.561296 -0.126927 -887.766966 -0.153542 0.000264 0.988142 -75.339358
-0.553057 0.828527 -0.087589 -495.505611 -0.818585 -0.559949 -0.127970 -889.943587 -0.155072 0.000925 0.987903 -75.720595
-0.550137 0.830255 -0.089586 -498.384345 -0.819994 -0.557380 -0.130139 -894.256417 -0.157982 0.001865 0.987440 -76.477688
-0.547836 0.831936 -0.088081 -501.240622 -0.821436 -0.554871 -0.131760 -898.571089 -0.158489 0.000170 0.987361 -77.243783
-0.546773 0.832672 -0.087723 -502.676995 -0.822127 -0.553766 -0.132103 -900.758019 -0.158577 -0.000111 0.987347 -77.635056
-0.544203 0.834266 -0.088561 -505.527405 -0.823665 -0.551361 -0.132576 -905.109374 -0.159433 0.000796 0.987209 -78.411761
-0.543085 0.834967 -0.088820 -506.947173 -0.824389 -0.550299 -0.132490 -907.282285 -0.159502 0.001269 0.987197 -78.796596
-0.542310 0.835313 -0.090288 -508.345687 -0.824629 -0.549770 -0.133192 -909.426908 -0.160894 0.002222 0.986969 -79.185656
-0.539731 0.836854 -0.091470 -511.158283 -0.825832 -0.547421 -0.135395 -913.759012 -0.163378 0.002462 0.986561 -79.971556
-0.539507 0.837017 -0.091290 -512.546065 -0.825932 -0.547172 -0.135790 -915.910818 -0.163610 0.002139 0.986523 -80.366627
-0.538280 0.837929 -0.090163 -515.319768 -0.826737 -0.545778 -0.136500 -920.222040 -0.163586 0.001066 0.986528 -81.159356
-0.537309 0.838576 -0.089935 -516.713784 -0.827337 -0.544783 -0.136841 -922.381785 -0.163747 0.000881 0.986502 -81.555489
-0.537104 0.838669 -0.090296 -519.494142 -0.827754 -0.544637 -0.134887 -926.715578 -0.162304 0.002294 0.986738 -82.350104
-0.536204 0.839107 -0.091570 -520.881743 -0.828173 -0.543956 -0.135059 -928.881444 -0.163139 0.003416 0.986597 -82.746276
-0.535486 0.839295 -0.094015 -522.267600 -0.827946 -0.543661 -0.137614 -931.044138 -0.166612 0.004149 0.986014 -83.144826
-0.535723 0.839871 -0.087282 -524.996168 -0.828858 -0.542787 -0.135562 -935.325248 -0.161230 -0.000280 0.986917 -83.951016
-0.536232 0.839977 -0.083030 -526.369979 -0.829475 -0.542618 -0.132428 -937.481708 -0.156291 -0.002141 0.987709 -84.330985
-0.536142 0.839773 -0.085634 -527.753543 -0.828707 -0.542934 -0.135896 -939.650425 -0.160615 -0.001894 0.987015 -84.729009
-0.534863 0.840103 -0.090263 -529.136196 -0.828222 -0.542426 -0.140794 -941.814174 -0.167242 -0.000548 0.985916 -85.125538
-0.534478 0.840183 -0.091799 -530.501788 -0.827897 -0.542303 -0.143155 -943.956513 -0.170059 -0.000513 0.985434 -85.540407
-0.533266 0.840734 -0.093776 -533.247463 -0.828580 -0.541446 -0.142448 -948.261558 -0.170536 0.001738 0.985350 -86.368487
-0.532860 0.840873 -0.094832 -534.622605 -0.828544 -0.541228 -0.143484 -950.419671 -0.171977 0.002116 0.985099 -86.787695
-0.531916 0.841471 -0.094823 -535.990953 -0.828841 -0.540300 -0.145250 -952.578605 -0.173456 0.001332 0.984841 -87.210944
-0.530774 0.842300 -0.093857 -538.719336 -0.829769 -0.539008 -0.144759 -956.887067 -0.172520 0.001045 0.985006 -88.056647
-0.529619 0.842949 -0.094555 -540.081031 -0.830514 -0.537989 -0.144271 -959.047634 -0.172483 0.002121 0.985010 -88.479622
-0.527667 0.843926 -0.096727 -542.825035 -0.831432 -0.536444 -0.144733 -963.407603 -0.174033 0.004051 0.984732 -89.339779
-0.526695 0.844579 -0.096326 -544.172145 -0.832168 -0.535414 -0.144319 -965.554398 -0.173463 0.004147 0.984832 -89.758143
-0.526079 0.845005 -0.095956 -545.528435 -0.832525 -0.534746 -0.144740 -967.728463 -0.173618 0.003741 0.984806 -90.181167
-0.524970 0.845578 -0.096979 -546.874640 -0.832879 -0.533837 -0.146049 -969.886462 -0.175267 0.004101 0.984512 -90.609848
-0.524206 0.845972 -0.097670 -548.225201 -0.833113 -0.533209 -0.147007 -972.054351 -0.176442 0.004308 0.984302 -91.034850
-0.522225 0.846797 -0.101075 -550.919483 -0.832977 -0.531896 -0.152431 -976.390244 -0.182839 0.004589 0.983132 -91.914943
-0.521394 0.847226 -0.101763 -552.246336 -0.832896 -0.531218 -0.155215 -978.533135 -0.185561 0.003829 0.982625 -92.366983
-0.521286 0.847466 -0.100309 -553.590857 -0.832751 -0.530847 -0.157249 -980.718559 -0.186512 0.001561 0.982452 -92.821094
-0.521092 0.847595 -0.100231 -554.921420 -0.833339 -0.530637 -0.154825 -982.872471 -0.184415 0.002848 0.982844 -93.266387
-0.520816 0.847616 -0.101473 -556.249593 -0.833680 -0.530588 -0.153147 -985.015531 -0.183651 0.004834 0.982980 -93.711902
-0.520638 0.847608 -0.102451 -558.903154 -0.833772 -0.530589 -0.152641 -989.317026 -0.183739 0.005950 0.982957 -94.596157
-0.520998 0.847711 -0.099731 -560.248562 -0.833469 -0.530452 -0.154757 -991.503510 -0.184092 0.002494 0.982906 -95.049325
-0.521266 0.847761 -0.097890 -561.587739 -0.833532 -0.530377 -0.154676 -993.686184 -0.183047 0.000966 0.983104 -95.503057
-0.521284 0.847613 -0.099070 -562.932791 -0.833574 -0.530609 -0.153650 -995.862236 -0.182803 0.002487 0.983146 -95.954233
-0.521055 0.847411 -0.101958 -564.281483 -0.833422 -0.530913 -0.153424 -998.041496 -0.184144 0.005032 0.982886 -96.402224
-0.520229 0.847631 -0.104326 -566.980208 -0.834005 -0.530524 -0.151591 -1002.399398 -0.183841 0.008147 0.982922 -97.307127
-0.520457 0.847418 -0.104911 -568.338107 -0.833743 -0.530859 -0.151859 -1004.606134 -0.184381 0.008433 0.982819 -97.763879
-0.519608 0.847894 -0.105276 -569.688985 -0.834120 -0.530096 -0.152453 -1006.800451 -0.185070 0.008597 0.982688 -98.217780
-0.518731 0.848600 -0.103905 -572.379392 -0.834877 -0.528978 -0.152194 -1011.173530 -0.184115 0.007800 0.982874 -99.124583
-0.518086 0.848977 -0.104041 -575.056774 -0.835114 -0.528375 -0.152987 -1015.540541 -0.184855 0.007625 0.982736 -100.025098
-0.516971 0.849513 -0.105209 -576.402271 -0.835288 -0.527511 -0.155006 -1017.739972 -0.187179 0.007746 0.982295 -100.480312
-0.516375 0.849946 -0.104634 -579.058773 -0.835016 -0.526842 -0.158703 -1022.089166 -0.190015 0.005421 0.981766 -101.398951
-0.515514 0.850735 -0.102441 -580.384495 -0.835927 -0.525578 -0.158095 -1024.271182 -0.188338 0.004133 0.982096 -101.856959
-0.515425 0.850931 -0.101261 -581.700735 -0.836312 -0.525264 -0.157098 -1026.439011 -0.186868 0.003713 0.982378 -102.318223
-0.514508 0.851261 -0.103132 -584.350076 -0.836565 -0.524717 -0.157579 -1030.787518 -0.188256 0.005201 0.982106 -103.226049
-0.514728 0.851081 -0.103516 -585.677521 -0.836550 -0.525000 -0.156711 -1032.964947 -0.187720 0.005932 0.982205 -103.683164
-0.514067 0.851292 -0.105057 -586.996750 -0.836875 -0.524637 -0.156194 -1035.137586 -0.188084 0.007625 0.982123 -104.138266
-0.513560 0.851170 -0.108470 -589.630185 -0.837004 -0.524772 -0.155047 -1039.459563 -0.188894 0.011164 0.981934 -105.040756
-0.512469 0.851680 -0.109622 -590.937105 -0.837634 -0.523911 -0.154554 -1041.614903 -0.189063 0.012619 0.981884 -105.493620
-0.511557 0.852661 -0.106198 -593.537537 -0.837953 -0.522400 -0.157901 -1045.927360 -0.190114 0.008214 0.981728 -106.400598
-0.510678 0.853673 -0.102228 -594.841753 -0.838449 -0.520797 -0.160545 -1048.109836 -0.190293 0.003726 0.981720 -106.866238
-0.510168 0.854677 -0.096204 -597.417164 -0.839343 -0.519158 -0.161177 -1052.407641 -0.187699 -0.001479 0.982225 -107.776842
-0.508690 0.855478 -0.096911 -598.721604 -0.840309 -0.517839 -0.160385 -1054.586642 -0.187390 -0.000151 0.982286 -108.227618
-0.505756 0.856666 -0.101659 -601.302421 -0.841345 -0.515857 -0.161339 -1058.892952 -0.190655 0.003932 0.981649 -109.133468
-0.504473 0.857295 -0.102728 -602.587905 -0.841975 -0.514801 -0.161426 -1061.049716 -0.191274 0.005059 0.981524 -109.596038
-0.503313 0.858292 -0.100051 -605.133558 -0.843454 -0.513142 -0.158969 -1065.359674 -0.187782 0.004378 0.982201 -110.505047
-0.502420 0.858761 -0.100517 -606.405199 -0.844014 -0.512350 -0.158548 -1067.516319 -0.187655 0.005180 0.982221 -110.957625
-0.499988 0.859388 -0.107067 -608.949084 -0.844078 -0.511236 -0.161773 -1071.833408 -0.193763 0.009488 0.981002 -111.869436
-0.498621 0.860756 -0.102348 -611.469479 -0.844272 -0.509009 -0.167674 -1076.155354 -0.196422 0.002804 0.980515 -112.815701
-0.499077 0.861077 -0.097306 -613.963784 -0.844442 -0.508471 -0.168449 -1080.459743 -0.194524 -0.001900 0.980896 -113.754940
-0.498129 0.861618 -0.097375 -616.482708 -0.845443 -0.507557 -0.166169 -1084.785746 -0.192597 -0.000449 0.981278 -114.684205
-0.498656 0.861124 -0.099033 -617.730446 -0.845210 -0.508392 -0.164795 -1086.923119 -0.192257 0.001527 0.981344 -115.142245
-0.497396 0.861304 -0.103697 -620.251220 -0.845550 -0.508054 -0.164094 -1091.236081 -0.194018 0.006061 0.980979 -116.060633
-0.497524 0.861087 -0.104877 -621.488374 -0.844984 -0.508422 -0.165862 -1093.373808 -0.196143 0.006099 0.980556 -116.527664
-0.496127 0.861962 -0.104301 -623.994697 -0.846376 -0.506920 -0.163336 -1097.681532 -0.193662 0.007243 0.981042 -117.475726
-0.495726 0.862007 -0.105825 -625.240085 -0.847188 -0.506785 -0.159501 -1099.832537 -0.191122 0.010584 0.981509 -117.930766
-0.493009 0.863084 -0.109676 -627.722381 -0.848549 -0.504840 -0.158436 -1104.121511 -0.192113 0.014955 0.981259 -118.842958
-0.490617 0.864613 -0.108353 -630.208690 -0.849142 -0.502298 -0.163261 -1108.456403 -0.195582 0.011908 0.980615 -119.779043
-0.490009 0.864708 -0.110325 -631.432037 -0.848427 -0.502142 -0.167409 -1110.619733 -0.200159 0.011571 0.979695 -120.256014
-0.487792 0.865814 -0.111466 -633.902903 -0.849687 -0.500189 -0.166864 -1114.950436 -0.200227 0.013317 0.979659 -121.226801
-0.487719 0.866095 -0.109584 -635.125622 -0.850294 -0.499719 -0.165171 -1117.135034 -0.197815 0.012621 0.980158 -121.703218
-0.486000 0.867039 -0.109758 -637.579721 -0.851158 -0.498073 -0.165691 -1121.482461 -0.198329 0.012896 0.980051 -122.655761
-0.483308 0.868403 -0.110855 -640.028093 -0.852084 -0.495682 -0.168083 -1125.815309 -0.200912 0.013222 0.979520 -123.613542
-0.482767 0.868645 -0.111319 -641.235863 -0.852051 -0.495264 -0.169479 -1127.988169 -0.202349 0.013031 0.979227 -124.093777
-0.480455 0.870021 -0.110574 -643.645220 -0.853627 -0.492833 -0.168630 -1132.293730 -0.201206 0.013370 0.979458 -125.058084
-0.480184 0.870255 -0.109907 -644.850536 -0.853861 -0.492433 -0.168612 -1134.478662 -0.200857 0.012880 0.979536 -125.541789
-0.477659 0.871603 -0.110231 -647.261399 -0.855040 -0.490034 -0.169623 -1138.825036 -0.201861 0.013230 0.979325 -126.518477
-0.476154 0.872598 -0.108860 -649.669039 -0.856403 -0.488259 -0.167862 -1143.200152 -0.199628 0.013300 0.979782 -127.484532
-0.474384 0.873644 -0.108192 -652.071606 -0.857605 -0.486379 -0.167181 -1147.594829 -0.198679 0.013478 0.979972 -128.448678
-0.473170 0.874247 -0.108641 -654.469350 -0.858296 -0.485271 -0.166851 -1152.002486 -0.198589 0.014297 0.979978 -129.412088
-0.471131 0.875344 -0.108673 -656.858046 -0.859149 -0.483295 -0.168195 -1156.399793 -0.199749 0.014124 0.979745 -130.374476
-0.471173 0.875338 -0.108534 -658.049251 -0.858869 -0.483328 -0.169524 -1158.611316 -0.200848 0.013341 0.979532 -130.865811
-0.471403 0.875477 -0.106391 -660.434638 -0.858772 -0.483135 -0.170563 -1163.036519 -0.200725 0.010961 0.979586 -131.843340
-0.471078 0.875533 -0.107364 -662.832229 -0.858563 -0.483028 -0.171914 -1167.468361 -0.202376 0.011194 0.979244 -132.830218
-0.471342 0.875231 -0.108664 -665.233408 -0.858270 -0.483551 -0.171906 -1171.910938 -0.203002 0.012236 0.979102 -133.823595
-0.472610 0.874464 -0.109330 -667.650685 -0.857936 -0.484901 -0.169756 -1176.357963 -0.201460 0.013569 0.979403 -134.818212
