1.000000 0.000000 0.000000 0.000000 -0.000000 1.000000 -0.000000 0.000000 -0.000000 0.000000 1.000000 -0.000000
0.999986 -0.003330 0.004207 1.215434 0.003340 0.999991 -0.002527 -0.135060 -0.004199 0.002541 0.999988 0.016354
0.999974 -0.005604 0.004510 4.369019 0.005610 0.999983 -0.001283 -0.173622 -0.004503 0.001308 0.999989 0.032964
0.999956 -0.008195 0.004532 7.236711 0.008209 0.999962 -0.002943 -0.144658 -0.004508 0.002980 0.999985 0.058425
0.999925 -0.011184 0.004914 10.264318 0.011204 0.999929 -0.004090 -0.090113 -0.004868 0.004145 0.999980 0.080996
0.999900 -0.012967 0.005706 13.260083 0.012981 0.999913 -0.002355 -0.031935 -0.005675 0.002429 0.999981 0.098386
0.999882 -0.013477 0.007415 16.231080 0.013480 0.999909 -0.000247 0.031660 -0.007411 0.000347 0.999972 0.109249
0.999864 -0.014519 0.007881 19.177462 0.014514 0.999894 0.000634 0.091013 -0.007889 -0.000520 0.999969 0.125068
0.999849 -0.015017 0.008770 20.633562 0.015004 0.999886 0.001527 0.129822 -0.008792 -0.001395 0.999960 0.129661
0.999858 -0.014243 0.008967 23.530804 0.014220 0.999895 0.002608 0.187509 -0.009004 -0.002480 0.999956 0.135650
0.999873 -0.014137 0.007332 26.389778 0.014127 0.999899 0.001447 0.244618 -0.007352 -0.001344 0.999972 0.148598
0.999842 -0.013787 0.011194 29.225919 0.013802 0.999904 -0.001282 0.293076 -0.011175 0.001436 0.999937 0.156810
0.999873 -0.012757 0.009504 32.014886 0.012776 0.999917 -0.001864 0.346738 -0.009479 0.001985 0.999953 0.166864
0.999908 -0.010897 0.008045 34.745788 0.010901 0.999940 -0.000540 0.397992 -0.008038 0.000628 0.999967 0.182211
0.999902 -0.008691 0.010976 37.408684 0.008689 0.999962 0.000257 0.442456 -0.010978 -0.000161 0.999940 0.192932
0.999903 -0.004746 0.013099 39.993933 0.004743 0.999989 0.000247 0.478234 -0.013100 -0.000185 0.999914 0.206715
0.999934 0.002260 0.011307 42.518657 -0.002254 0.999997 -0.000546 0.496743 -0.011308 0.000520 0.999936 0.217087
0.999926 0.006897 0.010031 43.757932 -0.006892 0.999976 -0.000539 0.497413 -0.010035 0.000469 0.999950 0.222038
0.999824 0.015508 0.010572 46.209290 -0.015508 0.999880 -0.000084 0.492902 -0.010572 -0.000080 0.999944 0.233172
0.999232 0.037489 0.011387 49.757287 -0.037535 0.999288 0.003779 0.433480 -0.011237 -0.004203 0.999928 0.244667
0.998093 0.060387 0.012793 52.071144 -0.060494 0.998135 0.008221 0.338672 -0.012273 -0.008980 0.999884 0.251486
0.995664 0.091725 0.015452 54.337474 -0.091917 0.995692 0.012227 0.187585 -0.014264 -0.013595 0.999806 0.252520
0.991617 0.128094 0.016952 56.537672 -0.128308 0.991660 0.012170 -0.044124 -0.015252 -0.014243 0.999782 0.259322
0.985467 0.169112 0.016003 58.693356 -0.169263 0.985533 0.008636 -0.366416 -0.014311 -0.011219 0.999835 0.249531
0.976634 0.214122 0.018352 60.776306 -0.214127 0.976804 -0.001731 -0.786295 -0.018297 -0.002239 0.999830 0.245832
0.957211 0.289071 0.013635 63.784371 -0.288843 0.957235 -0.016452 -1.585806 -0.017808 0.011810 0.999772 0.243123
0.938939 0.343715 0.015948 65.678172 -0.343307 0.938924 -0.023706 -2.243218 -0.023123 0.016784 0.999592 0.223197
0.915670 0.401814 0.009700 67.519719 -0.401453 0.915492 -0.026640 -2.994427 -0.019584 0.020499 0.999598 0.204968
0.888699 0.458490 -0.000622 69.242954 -0.458309 0.888307 -0.029384 -3.827020 -0.012920 0.026399 0.999568 0.202712
0.855215 0.518222 0.007293 70.941328 -0.517825 0.854976 -0.029559 -4.775579 -0.021553 0.021503 0.999536 0.189476
0.814597 0.579965 0.008501 72.538378 -0.579643 0.814503 -0.024478 -5.824471 -0.021120 0.015012 0.999664 0.171186
0.769682 0.638418 0.003553 74.002368 -0.638308 0.769632 -0.015144 -6.967160 -0.012403 0.009389 0.999879 0.152869
0.696163 0.717881 0.002027 76.026544 -0.717754 0.696088 -0.017033 -8.849989 -0.013639 0.010403 0.999853 0.153098
0.642853 0.765989 0.001064 77.207021 -0.765920 0.642813 -0.012576 -10.199404 -0.010317 0.007270 0.999920 0.135466
0.586240 0.810133 -0.002610 78.314102 -0.810132 0.586221 -0.005583 -11.625278 -0.002992 0.005387 0.999981 0.140701
0.525524 0.850732 -0.008963 79.323322 -0.850661 0.525597 0.011098 -13.131833 0.014153 0.001792 0.999898 0.156899
0.461039 0.887372 -0.003727 80.232174 -0.887245 0.461038 0.015494 -14.755438 0.015467 -0.003837 0.999873 0.185751
0.393738 0.919188 0.008019 81.027975 -0.919166 0.393602 0.014527 -16.440716 0.010197 -0.013091 0.999862 0.222617
0.286789 0.957664 0.025141 82.008103 -0.957943 0.286404 0.017848 -19.087946 0.009891 -0.029202 0.999525 0.261841
0.214125 0.976417 0.027558 82.486135 -0.976758 0.213750 0.015935 -20.931273 0.009668 -0.030330 0.999493 0.297117
0.143572 0.989437 0.020044 82.815482 -0.989590 0.143331 0.012998 -22.832737 0.009988 -0.021701 0.999715 0.329413
0.078231 0.996784 0.017372 83.010285 -0.996736 0.077855 0.021329 -24.764674 0.019908 -0.018984 0.999622 0.350447
0.022977 0.999680 0.010540 83.086825 -0.999496 0.022739 0.022172 -26.726416 0.021925 -0.011045 0.999699 0.419958
-0.034423 0.999375 0.008097 83.079652 -0.999230 -0.034568 0.018574 -29.695365 0.018842 -0.007452 0.999795 0.491129
-0.061161 0.998124 0.002862 82.981823 -0.997744 -0.061217 0.027541 -31.670460 0.027664 -0.001171 0.999617 0.541176
-0.076755 0.997037 -0.005172 82.823491 -0.996410 -0.076519 0.036219 -33.652609 0.035716 0.007933 0.999330 0.611054
-0.084010 0.996433 -0.007972 82.635495 -0.995493 -0.083572 0.044816 -35.631502 0.043990 0.011702 0.998963 0.694981
-0.089658 0.995935 -0.008709 82.458616 -0.994717 -0.089102 0.050973 -37.625668 0.049989 0.013233 0.998662 0.794549
-0.096156 0.995293 -0.012063 82.152206 -0.993920 -0.095356 0.055044 -40.645832 0.053635 0.017282 0.998411 0.960924
-0.100567 0.994868 -0.011128 81.945419 -0.993467 -0.099806 0.055343 -42.698881 0.053948 0.016621 0.998405 1.088000
-0.105427 0.994398 -0.007608 81.736145 -0.992705 -0.104792 0.059631 -44.763597 0.058500 0.013839 0.998192 1.206240
-0.112034 0.993702 0.002288 81.390334 -0.991308 -0.111924 0.069153 -47.861686 0.068974 0.005480 0.997603 1.411831
-0.117869 0.993008 0.006526 81.177934 -0.990942 -0.118044 0.064032 -49.964214 0.064355 0.001081 0.997926 1.549018
-0.122549 0.992439 0.006893 80.937457 -0.990494 -0.122740 0.062100 -52.076239 0.062477 0.000783 0.998046 1.697822
-0.124555 0.992190 0.006690 80.672055 -0.989930 -0.124723 0.066952 -54.198835 0.067263 0.001716 0.997734 1.842426
-0.124911 0.992074 0.013683 80.305757 -0.989902 -0.125545 0.065822 -57.421979 0.067018 -0.005323 0.997738 2.067017
-0.124425 0.991984 0.022056 80.059613 -0.989839 -0.125636 0.066595 -59.590118 0.068832 -0.013546 0.997536 2.222427
-0.125449 0.991885 0.020641 79.654614 -0.990584 -0.126380 0.052651 -62.878940 0.054832 -0.013842 0.998400 2.443440
-0.125613 0.992058 0.006477 79.352339 -0.990855 -0.125779 0.048855 -65.089331 0.049282 -0.000280 0.998785 2.571823
-0.124580 0.992209 -0.000650 79.064665 -0.990453 -0.124320 0.059552 -67.292715 0.059007 0.008062 0.998225 2.687925
-0.123947 0.992289 0.000735 78.786787 -0.990398 -0.123756 0.061608 -69.541631 0.061224 0.006908 0.998100 2.834910
-0.122753 0.992424 0.005056 78.388722 -0.990901 -0.122845 0.054992 -72.956509 0.055196 0.001741 0.998474 3.034598
-0.122276 0.992483 0.005041 78.118791 -0.990508 -0.122351 0.062646 -75.239696 0.062792 0.002667 0.998023 3.181149
-0.121106 0.992636 0.002832 77.823145 -0.991127 -0.121079 0.054830 -77.536476 0.054769 0.003834 0.998492 3.324766
-0.120853 0.992642 0.007453 77.404073 -0.990928 -0.121082 0.058315 -81.007321 0.058788 -0.000338 0.998270 3.528243
-0.120324 0.992702 0.007990 77.129850 -0.991198 -0.120582 0.054643 -83.367635 0.055208 -0.001345 0.998474 3.665065
-0.119460 0.992825 0.005260 76.857174 -0.991386 -0.119570 0.053449 -85.752441 0.053694 0.001171 0.998557 3.808163
-0.117223 0.993101 0.003040 76.570048 -0.991678 -0.117218 0.053234 -88.150260 0.053223 0.003226 0.998577 3.941179
-0.114443 0.993427 0.002483 76.165637 -0.992138 -0.114422 0.050692 -91.768566 0.050643 0.003338 0.998711 4.145349
-0.111423 0.993770 0.002421 75.916316 -0.992490 -0.111402 0.050526 -94.203672 0.050480 0.003227 0.998720 4.272541
-0.109183 0.994009 0.005002 75.658692 -0.992649 -0.109295 0.051983 -96.659111 0.052218 0.000710 0.998635 4.407280
-0.107853 0.994111 0.010539 75.405893 -0.992819 -0.108253 0.050903 -99.136668 0.051744 -0.004973 0.998648 4.547467
-0.109988 0.993775 0.017717 75.016727 -0.992786 -0.110700 0.046069 -102.886298 0.047743 -0.012523 0.998781 4.746732
-0.113529 0.993338 0.019782 74.749805 -0.992418 -0.114323 0.045140 -105.395038 0.047101 -0.014507 0.998785 4.878156
-0.118675 0.992719 0.020640 74.482933 -0.992050 -0.119420 0.039685 -107.910641 0.041861 -0.015767 0.998999 5.000126
-0.127364 0.991444 0.028579 74.198373 -0.990753 -0.128528 0.043471 -110.398999 0.046772 -0.022778 0.998646 5.129042
-0.154354 0.987675 0.025947 73.681377 -0.987049 -0.155311 0.040153 -114.098730 0.043688 -0.019413 0.998857 5.322783
-0.182131 0.982925 0.026220 73.273813 -0.982272 -0.183085 0.040269 -116.549275 0.044382 -0.018421 0.998845 5.461228
-0.212097 0.976980 0.022919 72.797998 -0.976258 -0.212879 0.040045 -118.975907 0.044002 -0.013882 0.998935 5.586110
-0.242721 0.969723 0.026902 72.242986 -0.968727 -0.243758 0.046365 -121.346623 0.051518 -0.014807 0.998562 5.720211
-0.289047 0.956531 0.038738 71.325918 -0.956256 -0.290393 0.035305 -124.877245 0.045020 -0.026839 0.998626 5.908131
-0.318735 0.946798 0.044513 70.613633 -0.946557 -0.320398 0.037090 -127.176101 0.049379 -0.030312 0.998320 6.038823
-0.346243 0.937122 0.043796 69.819574 -0.936739 -0.347902 0.038517 -129.438080 0.051332 -0.027689 0.998298 6.178834
-0.374290 0.926220 0.044989 68.962103 -0.926001 -0.375899 0.034950 -131.684499 0.049282 -0.028578 0.998376 6.317191
-0.404071 0.913401 0.049248 68.060857 -0.913117 -0.405968 0.037510 -133.890025 0.054255 -0.029813 0.998082 6.452557
-0.432605 0.900228 0.049419 67.058312 -0.899673 -0.434606 0.041304 -136.052416 0.058661 -0.026592 0.997924 6.595305
-0.462784 0.884787 0.054621 65.998936 -0.884029 -0.465203 0.045603 -138.203701 0.065759 -0.027182 0.997465 6.753250
-0.493279 0.867947 0.057822 64.842452 -0.867593 -0.495707 0.039463 -140.345212 0.062915 -0.030700 0.997547 6.907038
-0.525296 0.848597 0.062821 63.613154 -0.848441 -0.527968 0.037397 -142.463682 0.064903 -0.033656 0.997324 7.072802
-0.556346 0.828226 0.067243 62.295111 -0.828263 -0.559231 0.035220 -144.539359 0.066775 -0.036100 0.997115 7.239720
-0.586623 0.806860 0.069646 60.883237 -0.807150 -0.589524 0.031157 -146.578522 0.066197 -0.037937 0.997085 7.415431
-0.616576 0.784369 0.067822 59.387000 -0.784844 -0.619164 0.025607 -148.572636 0.062078 -0.037441 0.997369 7.583926
-0.646133 0.759698 0.073285 57.821727 -0.760382 -0.649032 0.024027 -150.525096 0.065818 -0.040200 0.997022 7.751496
-0.691417 0.718108 0.079143 55.282233 -0.719555 -0.694303 0.013552 -153.357691 0.064681 -0.047578 0.996771 8.006702
-0.725328 0.683464 0.082315 53.478751 -0.685335 -0.728192 0.007291 -155.185460 0.064924 -0.051125 0.996580 8.187742
-0.759301 0.645101 0.085477 51.595341 -0.647352 -0.762189 0.001796 -156.918994 0.066309 -0.053970 0.996339 8.349256
-0.790584 0.606479 0.084611 49.607860 -0.608496 -0.793553 0.002442 -158.544602 0.068624 -0.049555 0.996411 8.535991
-0.819472 0.566981 0.083658 47.538509 -0.568690 -0.822542 0.004067 -160.074451 0.071118 -0.044242 0.996486 8.732276
-0.845537 0.526790 0.086945 45.406582 -0.528464 -0.848945 0.004368 -161.484909 0.076112 -0.042254 0.996204 8.934659
-0.867820 0.489488 0.085381 43.204171 -0.490942 -0.871181 0.004490 -162.805504 0.076580 -0.038020 0.996338 9.133526
-0.894137 0.438575 0.090394 39.840355 -0.440168 -0.897912 0.002559 -164.603235 0.082288 -0.037500 0.995903 9.457087
-0.907822 0.409359 0.091023 37.533783 -0.411188 -0.911550 -0.001475 -165.722159 0.082368 -0.038766 0.995848 9.688654
-0.925096 0.369779 0.086376 33.998103 -0.372199 -0.928059 -0.013236 -167.277002 0.075268 -0.044393 0.996175 10.010033
-0.932882 0.350751 0.081887 31.595632 -0.352635 -0.935714 -0.009334 -168.206225 0.073349 -0.037583 0.996598 10.220764
-0.936793 0.339996 0.082598 29.191231 -0.341261 -0.939968 -0.001275 -169.080311 0.077206 -0.029382 0.996582 10.430661
-0.942490 0.324282 0.080960 25.565423 -0.326550 -0.945041 -0.016184 -170.406854 0.071262 -0.041691 0.996586 10.732416
-0.944720 0.315833 0.088055 23.136364 -0.319097 -0.947380 -0.025481 -171.273479 0.075374 -0.052171 0.995790 10.927145
-0.945336 0.312741 0.092372 19.500081 -0.315990 -0.948494 -0.022560 -172.517363 0.080559 -0.050515 0.995469 11.251207
-0.944317 0.315081 0.094815 17.070915 -0.318303 -0.947764 -0.020640 -173.351418 0.083359 -0.049670 0.995281 11.470638
-0.942979 0.319372 0.093761 14.658875 -0.322436 -0.946397 -0.019178 -174.186624 0.082610 -0.048316 0.995410 11.700910
-0.938829 0.332527 0.089591 11.093118 -0.335783 -0.941642 -0.023683 -175.466919 0.076487 -0.052318 0.995697 12.027891
-0.934367 0.345891 0.085548 8.740839 -0.348951 -0.936849 -0.023387 -176.344030 0.072056 -0.051704 0.996060 12.232539
-0.930964 0.354819 0.086079 7.568306 -0.357878 -0.933493 -0.022659 -176.785374 0.072314 -0.051901 0.996031 12.323837
-0.923299 0.374312 0.086074 5.256212 -0.377136 -0.925970 -0.018676 -177.693087 0.072712 -0.049705 0.996114 12.520645
-0.913749 0.396850 0.087016 3.016967 -0.399538 -0.916589 -0.015275 -178.637189 0.073696 -0.048724 0.996090 12.710448
-0.902707 0.422175 0.082992 0.815477 -0.424576 -0.905300 -0.012926 -179.625639 0.069676 -0.046904 0.996466 12.890388
-0.891545 0.445829 0.079894 -1.317363 -0.447841 -0.894074 -0.008339 -180.656334 0.067713 -0.043215 0.996768 13.072013
-0.878866 0.471724 0.071217 -3.429598 -0.473165 -0.880965 -0.003879 -181.754823 0.060910 -0.037106 0.997453 13.244320
-0.871759 0.485300 0.067234 -4.473191 -0.486433 -0.873718 -0.000564 -182.333202 0.058470 -0.033196 0.997737 13.331190
-0.855824 0.513763 0.060115 -6.494547 -0.514376 -0.857544 0.005979 -183.507145 0.054623 -0.025805 0.998174 13.485768
-0.838164 0.542679 0.054592 -8.417044 -0.542973 -0.839683 0.010586 -184.711682 0.051585 -0.020769 0.998453 13.627369
-0.818715 0.571914 0.051194 -10.264321 -0.571998 -0.820128 0.014449 -185.937727 0.050249 -0.017453 0.998584 13.758976
-0.795979 0.603785 0.043150 -12.033749 -0.603651 -0.797056 0.017539 -187.208857 0.044983 -0.012087 0.998915 13.882260
-0.767754 0.639374 0.041889 -13.762968 -0.639035 -0.768840 0.022793 -188.570949 0.046779 -0.009270 0.998862 14.010899
-0.735891 0.675918 0.039991 -15.436011 -0.675584 -0.736911 0.023400 -190.025982 0.045286 -0.009798 0.998926 14.140291
-0.701009 0.712022 0.040148 -16.997697 -0.711763 -0.702046 0.022907 -191.534617 0.044496 -0.012517 0.998931 14.261007
-0.664454 0.746194 0.041183 -18.481755 -0.746047 -0.665533 0.021918 -193.118829 0.043763 -0.016161 0.998911 14.375756
-0.623272 0.781052 0.038593 -19.917864 -0.780944 -0.624238 0.021283 -194.772612 0.040714 -0.016874 0.999028 14.499478
-0.576318 0.816458 0.035402 -21.264006 -0.816191 -0.577227 0.025304 -196.530953 0.041095 -0.014312 0.999053 14.612909
-0.526798 0.849364 0.032615 -22.497768 -0.849230 -0.527562 0.022071 -198.370080 0.035953 -0.016071 0.999224 14.717509
-0.471035 0.881611 0.029793 -23.628610 -0.881358 -0.471761 0.025496 -200.292425 0.036533 -0.014249 0.999231 14.820491
-0.412073 0.910840 0.023791 -24.627314 -0.910452 -0.412639 0.028395 -202.304508 0.035680 -0.009959 0.999314 14.918404
-0.350307 0.936474 0.017355 -25.491206 -0.936077 -0.350678 0.028027 -204.407553 0.032332 -0.006427 0.999457 15.010327
-0.284368 0.958649 0.011249 -26.220356 -0.958324 -0.284568 0.025234 -206.584835 0.027392 -0.003604 0.999618 15.099533
-0.250900 0.967980 0.007957 -26.514663 -0.967654 -0.251023 0.025156 -207.684128 0.026348 -0.001388 0.999652 15.139676
-0.184771 0.982775 0.003623 -26.996893 -0.982459 -0.184804 0.024918 -209.846886 0.025158 0.001045 0.999683 15.219661
-0.117561 0.993064 0.001664 -27.311617 -0.992731 -0.117564 0.025755 -212.084336 0.025772 0.001376 0.999667 15.293841
-0.052211 0.998636 0.000303 -27.485612 -0.998319 -0.052202 0.025182 -214.362109 0.025163 0.001012 0.999683 15.370471
0.011238 0.999924 -0.005006 -27.521039 -0.999650 0.011355 0.023889 -216.655822 0.023944 0.004736 0.999702 15.440642
0.071798 0.997367 -0.010239 -27.424630 -0.997141 0.072017 0.022899 -218.937900 0.023576 0.008565 0.999685 15.514087
0.131125 0.991216 -0.017254 -27.192390 -0.991054 0.131500 0.022777 -221.227510 0.024846 0.014113 0.999592 15.584914
0.191965 0.981075 -0.025314 -26.803692 -0.981090 0.192490 0.020241 -223.554503 0.024731 0.020950 0.999475 15.656056
0.279902 0.959398 -0.034794 -25.963915 -0.959650 0.280625 0.017930 -226.970380 0.026966 0.028371 0.999234 15.772319
0.337963 0.940299 -0.040244 -25.214119 -0.940659 0.338869 0.018132 -229.221209 0.030686 0.031728 0.999025 15.850815
0.395357 0.917297 -0.047541 -24.327291 -0.917823 0.396551 0.018667 -231.439127 0.035975 0.036254 0.998695 15.939112
0.450191 0.891528 -0.050065 -23.301261 -0.892250 0.451331 0.013786 -233.613743 0.034886 0.038464 0.998651 16.040502
0.496918 0.866304 -0.050883 -22.145394 -0.866995 0.498126 0.013818 -235.717744 0.037317 0.037248 0.998609 16.139008
0.537407 0.841775 -0.051074 -20.865235 -0.842565 0.538506 0.009807 -237.785925 0.035759 0.037763 0.998647 16.240641
0.573180 0.817728 -0.052784 -19.500471 -0.818739 0.574151 0.004065 -239.808590 0.033631 0.040886 0.998598 16.341754
0.605988 0.793522 -0.055695 -18.052785 -0.794698 0.607002 0.001653 -241.766238 0.035119 0.043259 0.998446 16.438730
0.653276 0.755066 -0.055734 -15.699775 -0.756427 0.654056 -0.005383 -244.608210 0.032389 0.045675 0.998431 16.582600
0.684160 0.726974 -0.058600 -14.028696 -0.728516 0.684985 -0.007770 -246.454287 0.034492 0.048007 0.998251 16.678157
0.710765 0.700829 -0.060431 -12.272892 -0.702483 0.711640 -0.009295 -248.242175 0.036491 0.049058 0.998129 16.771313
0.746768 0.662251 -0.061331 -9.499110 -0.664153 0.747423 -0.016092 -250.828411 0.035184 0.052750 0.997988 16.931662
0.766638 0.638648 -0.066292 -7.560442 -0.640961 0.767305 -0.020310 -252.486370 0.037895 0.058061 0.997594 17.029503
0.790066 0.609167 -0.068639 -4.539906 -0.611848 0.790520 -0.026824 -254.904397 0.037920 0.063190 0.997281 17.188165
0.798277 0.598610 -0.066476 -2.445756 -0.601255 0.798505 -0.029716 -256.476750 0.035293 0.063691 0.997345 17.291381
0.806989 0.586894 -0.065761 0.737112 -0.589652 0.806923 -0.034428 -258.826438 0.032859 0.066559 0.997241 17.444480
0.812484 0.579189 -0.066402 2.888321 -0.582084 0.812275 -0.037245 -260.376640 0.032365 0.068913 0.997098 17.548950
0.819919 0.568709 -0.065597 6.158735 -0.571615 0.819583 -0.039236 -262.673288 0.031448 0.069667 0.997075 17.693966
0.823605 0.563531 -0.064094 8.352210 -0.566305 0.823307 -0.038261 -264.176270 0.031208 0.067808 0.997210 17.793581
0.825249 0.561347 -0.062075 10.571202 -0.563918 0.825044 -0.036042 -265.679165 0.030982 0.064749 0.997421 17.891905
0.826397 0.559682 -0.061843 12.799764 -0.562107 0.826448 -0.031936 -267.176859 0.033236 0.061154 0.997575 17.994516
0.826732 0.559173 -0.061960 14.990979 -0.561529 0.826923 -0.029719 -268.643443 0.034617 0.059362 0.997636 18.101675
0.827373 0.558389 -0.060459 18.306626 -0.560812 0.827221 -0.034565 -270.872996 0.030712 0.062504 0.997572 18.257118
0.827434 0.558030 -0.062896 20.513551 -0.560709 0.827152 -0.037743 -272.363050 0.030962 0.066496 0.997306 18.352537
0.827209 0.558080 -0.065359 22.725642 -0.560920 0.827015 -0.037610 -273.851138 0.033064 0.067772 0.997153 18.450990
0.827248 0.558395 -0.062093 24.987941 -0.561066 0.826838 -0.039278 -275.363992 0.029408 0.067331 0.997297 18.546579
0.827448 0.558240 -0.060809 27.221386 -0.560839 0.826970 -0.039752 -276.866815 0.028096 0.066997 0.997358 18.637315
0.827540 0.558090 -0.060932 29.471779 -0.560684 0.827097 -0.039294 -278.379436 0.028467 0.066681 0.997368 18.727002
0.827494 0.558189 -0.060657 31.764232 -0.560704 0.827179 -0.037211 -279.907595 0.029403 0.064803 0.997465 18.821625
0.828259 0.557910 -0.052197 34.058591 -0.560010 0.827387 -0.042648 -281.447951 0.019393 0.064555 0.997726 18.902174
0.828875 0.557164 -0.050349 36.320853 -0.559153 0.827949 -0.042991 -282.959680 0.017734 0.063787 0.997806 18.976755
0.829525 0.556429 -0.047685 38.599788 -0.558253 0.828551 -0.043087 -284.470884 0.015535 0.062362 0.997933 19.038006
0.831365 0.553799 -0.046241 40.888365 -0.555583 0.830160 -0.046504 -285.995732 0.012634 0.064352 0.997847 19.102616
0.833818 0.550094 -0.046298 43.132224 -0.551883 0.832638 -0.046247 -287.477747 0.013109 0.064113 0.997857 19.164222
0.837494 0.544778 -0.042667 45.366683 -0.546363 0.836176 -0.047932 -288.926731 0.009565 0.063454 0.997939 19.219459
0.840863 0.539843 -0.038980 47.596171 -0.541232 0.839214 -0.052791 -290.355944 0.004214 0.065487 0.997845 19.271038
0.844116 0.534653 -0.040188 49.801467 -0.536140 0.842370 -0.054473 -291.753964 0.004729 0.067528 0.997706 19.313277
0.847097 0.529907 -0.040318 51.969420 -0.531405 0.845459 -0.052996 -293.109739 0.006004 0.066318 0.997780 19.356178
0.848635 0.527449 -0.040201 54.128023 -0.528935 0.847082 -0.051768 -294.454214 0.006749 0.065196 0.997850 19.400713
0.848262 0.527534 -0.046467 56.245672 -0.529349 0.847201 -0.045176 -295.758591 0.015535 0.062918 0.997898 19.458040
0.841979 0.537886 -0.041834 59.380302 -0.539248 0.841452 -0.034201 -297.691394 0.016805 0.051356 0.998539 19.548376
0.832116 0.553205 -0.039337 61.427885 -0.554365 0.831740 -0.029815 -298.998246 0.016224 0.046617 0.998781 19.609163
0.819549 0.571830 -0.036748 63.442201 -0.572849 0.819152 -0.028884 -300.350508 0.013585 0.044723 0.998907 19.666195
0.803796 0.593877 -0.034949 65.402299 -0.594817 0.803300 -0.030045 -301.748672 0.010231 0.044938 0.998937 19.716826
0.772190 0.634608 -0.031550 68.259800 -0.635321 0.771892 -0.023455 -303.952924 0.009468 0.038156 0.999227 19.780233
0.744452 0.667009 -0.029841 70.088689 -0.667600 0.744298 -0.018190 -305.492699 0.010077 0.033464 0.999389 19.819521
0.694626 0.719063 -0.021064 72.700806 -0.719359 0.694486 -0.014532 -307.950933 0.004179 0.025247 0.999673 19.875455
0.655600 0.754915 -0.017103 74.296900 -0.755097 0.655548 -0.009278 -309.689374 0.004208 0.018997 0.999811 19.910403
0.585817 0.810387 -0.009544 76.490902 -0.810439 0.585812 -0.003606 -312.397565 0.002669 0.009847 0.999948 19.958346
0.531171 0.847256 -0.003914 77.785006 -0.847264 0.531160 -0.003502 -314.292895 -0.000888 0.005176 0.999986 19.986262
0.471602 0.881811 0.000349 78.935849 -0.881810 0.471602 -0.001693 -316.241212 -0.001658 0.000491 0.999999 20.008897
0.381024 0.924546 0.005968 80.377991 -0.924562 0.381031 0.000032 -319.212126 -0.002244 -0.005530 0.999982 20.034629
0.315992 0.948710 0.009925 81.158312 -0.948757 0.316007 0.000042 -321.255264 -0.003096 -0.009429 0.999951 20.051657
0.216799 0.976127 0.013218 82.041302 -0.976215 0.216760 0.004337 -324.356759 0.001369 -0.013844 0.999903 20.087566
0.149297 0.988626 0.018145 82.444627 -0.988790 0.149315 0.000334 -326.458560 -0.002380 -0.017991 0.999835 20.100575
0.044504 0.998653 0.026674 82.780061 -0.999004 0.044402 0.004388 -329.638564 0.003197 -0.026842 0.999635 20.124837
-0.024483 0.999156 0.032968 82.804570 -0.999660 -0.024766 0.008205 -331.726339 0.009015 -0.032756 0.999423 20.152854
-0.093925 0.994880 0.037312 82.699899 -0.995572 -0.094000 0.000242 -333.825077 0.003748 -0.037124 0.999304 20.182353
-0.198505 0.979132 0.043541 82.247914 -0.980059 -0.198709 0.000355 -336.882054 0.009000 -0.042603 0.999052 20.228330
-0.268722 0.961962 0.049178 81.783808 -0.963167 -0.268883 -0.003430 -338.895341 0.009923 -0.048288 0.998784 20.251493
-0.337689 0.939727 0.053657 81.171347 -0.941218 -0.337647 -0.010137 -340.853124 0.008591 -0.053926 0.998508 20.292164
-0.403479 0.913361 0.054558 80.412524 -0.914966 -0.403175 -0.016971 -342.754828 0.006495 -0.056766 0.998366 20.325517
-0.499513 0.864388 0.057611 79.025815 -0.866260 -0.499068 -0.022911 -345.506072 0.008948 -0.061350 0.998076 20.367931
-0.560305 0.826147 0.059496 77.921041 -0.828207 -0.559796 -0.026482 -347.261918 0.011427 -0.064113 0.997877 20.403061
-0.619863 0.782126 0.063632 76.682316 -0.784530 -0.619417 -0.028903 -348.958071 0.016809 -0.067837 0.997555 20.441698
-0.676869 0.732787 0.069799 75.323490 -0.735726 -0.676510 -0.032273 -350.572295 0.023570 -0.073198 0.997039 20.481915
-0.755866 0.650429 0.074889 73.006140 -0.653977 -0.755517 -0.038847 -352.839978 0.031312 -0.078339 0.996435 20.591408
-0.803861 0.589500 0.079361 71.284720 -0.593568 -0.803645 -0.042804 -354.234671 0.038545 -0.081514 0.995927 20.672818
-0.846956 0.525947 0.077744 69.439788 -0.530075 -0.846642 -0.047093 -355.505054 0.041053 -0.081096 0.995860 20.774215
-0.901558 0.426233 0.074289 66.540843 -0.430329 -0.901180 -0.051877 -357.099433 0.044836 -0.078739 0.995886 20.938186
-0.930638 0.359868 0.066395 64.515582 -0.363592 -0.929842 -0.056518 -357.966946 0.041398 -0.076738 0.996191 21.064757
-0.961766 0.263929 0.073133 61.466087 -0.268338 -0.961526 -0.058849 -358.994380 0.054788 -0.076223 0.995584 21.249041
-0.974518 0.211744 0.074026 59.390508 -0.216039 -0.974792 -0.055751 -359.501602 0.060355 -0.070323 0.995697 21.383345
-0.982856 0.170983 0.068979 57.288789 -0.174649 -0.983302 -0.051137 -359.896614 0.059084 -0.062307 0.996307 21.528795
-0.988383 0.135455 0.068928 54.118924 -0.138961 -0.989091 -0.048885 -360.381614 0.061554 -0.057895 0.996423 21.741861
-0.990648 0.118089 0.068349 51.981690 -0.121518 -0.991409 -0.048394 -360.673271 0.062047 -0.056247 0.996487 21.886300
-0.993214 0.094110 0.068327 48.749776 -0.097532 -0.994045 -0.048600 -361.029728 0.063346 -0.054934 0.996479 22.112980
-0.994671 0.078013 0.067400 46.584673 -0.081391 -0.995481 -0.048913 -361.231812 0.063279 -0.054138 0.996526 22.265238
-0.996225 0.057378 0.065150 43.386512 -0.060532 -0.997035 -0.047518 -361.468086 0.062230 -0.051282 0.996743 22.499330
-0.996661 0.052147 0.062836 41.295872 -0.054885 -0.997581 -0.042667 -361.578066 0.060459 -0.045973 0.997111 22.653037
-0.996622 0.056144 0.059939 38.225518 -0.058212 -0.997748 -0.033332 -361.738570 0.057933 -0.036709 0.997645 22.868062
-0.995720 0.067857 0.062749 36.234561 -0.069863 -0.997095 -0.030338 -361.875765 0.060508 -0.034592 0.997568 23.012163
-0.992971 0.103863 0.056760 33.353144 -0.105690 -0.993941 -0.030185 -362.137217 0.053281 -0.035971 0.997931 23.222785
-0.988425 0.140626 0.056929 31.554696 -0.142538 -0.989303 -0.031026 -362.379546 0.051956 -0.038782 0.997896 23.341692
-0.979891 0.191841 0.054868 29.856899 -0.193504 -0.980735 -0.026743 -362.679919 0.048680 -0.036823 0.998135 23.458495
-0.953993 0.294891 0.054185 27.498350 -0.296364 -0.954836 -0.021353 -363.303354 0.045441 -0.036429 0.998303 23.608676
-0.921745 0.384654 0.049282 26.044981 -0.386027 -0.922227 -0.021915 -363.877310 0.037019 -0.039224 0.998544 23.697506
-0.845327 0.532369 0.044774 24.068292 -0.533976 -0.844602 -0.038962 -365.007857 0.017074 -0.056844 0.998237 23.785548
-0.732500 0.679593 0.039957 22.431629 -0.680684 -0.730233 -0.058559 -366.434758 -0.010619 -0.070093 0.997484 23.815059
-0.639649 0.767605 0.040387 21.539129 -0.768299 -0.636835 -0.064483 -367.502330 -0.023778 -0.072276 0.997101 23.799694
-0.477292 0.877609 0.044660 20.379220 -0.878083 -0.474346 -0.062976 -369.400123 -0.034085 -0.069273 0.997015 23.734880
-0.305405 0.951565 0.035374 19.561950 -0.949725 -0.301705 -0.083639 -371.611952 -0.068916 -0.059139 0.995868 23.625156
-0.200110 0.979328 0.029526 19.175772 -0.976732 -0.197026 -0.084713 -373.198007 -0.077145 -0.045791 0.995968 23.505027
-0.105065 0.993993 0.030657 18.949289 -0.992580 -0.102919 -0.064746 -374.879396 -0.061202 -0.037232 0.997431 23.379979
0.008113 0.999658 0.024863 18.863159 -0.998618 0.009390 -0.051701 -377.576513 -0.051917 -0.024409 0.998353 23.217299
0.076710 0.996823 0.021413 18.971836 -0.995853 0.077653 -0.047403 -379.437240 -0.048916 -0.017688 0.998646 23.133840
0.138448 0.990107 0.022807 19.220391 -0.989334 0.139319 -0.042521 -381.336115 -0.045278 -0.016677 0.998835 23.047140
0.199648 0.979563 0.024423 19.582836 -0.978868 0.200508 -0.040164 -383.222450 -0.044240 -0.015888 0.998895 22.972254
0.259373 0.965485 0.023762 20.056004 -0.964815 0.260134 -0.038249 -385.105431 -0.043110 -0.013006 0.998986 22.900980
0.316066 0.948425 0.024351 20.642967 -0.947795 0.316791 -0.036441 -386.950448 -0.042275 -0.011562 0.999039 22.829768
0.377114 0.925970 0.019071 21.347873 -0.925148 0.377585 -0.039121 -388.783996 -0.043426 -0.002891 0.999052 22.767816
0.476810 0.878954 0.009565 22.628053 -0.878313 0.476838 -0.034513 -391.412831 -0.034897 0.008055 0.999358 22.667573
0.543541 0.839346 0.007888 23.664929 -0.838754 0.543474 -0.033583 -393.096976 -0.032475 0.011638 0.999405 22.616430
0.637162 0.770722 0.003620 25.464960 -0.770257 0.636928 -0.032039 -395.467612 -0.026999 0.017626 0.999480 22.551718
0.688931 0.724823 0.002391 26.803750 -0.724507 0.688720 -0.027471 -396.925401 -0.021558 0.017193 0.999620 22.516690
0.745385 0.666628 -0.002801 28.965798 -0.666534 0.745194 -0.020450 -398.943327 -0.011545 0.017110 0.999787 22.490867
0.785660 0.618603 -0.008301 31.236732 -0.618614 0.785373 -0.022485 -400.802660 -0.007390 0.022801 0.999713 22.490825
0.810568 0.585526 -0.011746 32.807741 -0.585593 0.810070 -0.029447 -401.970481 -0.007727 0.030747 0.999497 22.493467
0.844981 0.534493 -0.018008 35.222454 -0.534787 0.844290 -0.034297 -403.561509 -0.003128 0.038611 0.999249 22.504549
0.866668 0.498469 -0.020357 36.873740 -0.498882 0.865819 -0.038400 -404.537022 -0.001516 0.043435 0.999055 22.514481
0.886933 0.461449 -0.020370 38.589218 -0.461892 0.885829 -0.044300 -405.449150 -0.002398 0.048700 0.998811 22.525342
0.906929 0.420612 -0.023775 40.330096 -0.421284 0.905526 -0.050434 -406.299370 0.000316 0.055756 0.998444 22.543236
0.947537 0.318695 -0.024648 43.954267 -0.319615 0.945703 -0.059093 -407.704443 0.004477 0.063871 0.997948 22.583172
0.964406 0.263238 -0.025022 45.810749 -0.264313 0.962419 -0.062351 -408.249110 0.007668 0.066745 0.997741 22.610014
0.978067 0.206689 -0.025798 47.724692 -0.208019 0.975606 -0.070146 -408.692130 0.010670 0.073974 0.997203 22.640936
0.988163 0.150615 -0.029148 49.697827 -0.152430 0.985404 -0.075789 -409.036999 0.017307 0.079335 0.996698 22.681366
0.997002 0.071834 -0.028746 53.788889 -0.073832 0.994383 -0.075833 -409.446803 0.023138 0.077728 0.996706 22.787078
0.998206 0.049374 -0.033877 55.900830 -0.051716 0.996053 -0.072132 -409.549225 0.030182 0.073754 0.996820 22.849874
0.998824 0.036395 -0.032042 58.068719 -0.038637 0.996628 -0.072382 -409.625444 0.029300 0.073534 0.996862 22.921969
0.999058 0.027368 -0.033677 60.257881 -0.029812 0.996786 -0.074356 -409.698293 0.031534 0.075290 0.996663 22.993705
0.999126 0.020812 -0.036249 62.470164 -0.023563 0.996736 -0.077210 -409.754146 0.034524 0.077997 0.996356 23.074106
0.999314 0.015199 -0.033763 64.740300 -0.017780 0.996833 -0.077509 -409.783767 0.032478 0.078056 0.996420 23.154989
0.999413 0.009218 -0.033004 67.039825 -0.011745 0.996947 -0.077191 -409.804298 0.032191 0.077533 0.996470 23.238081
0.999394 0.003823 -0.034584 69.369937 -0.006519 0.996918 -0.078177 -409.817945 0.034179 0.078355 0.996339 23.323919
0.999368 -0.000602 -0.035544 71.737067 -0.002246 0.996791 -0.080021 -409.821245 0.035478 0.080050 0.996159 23.416293
0.999402 -0.003982 -0.034339 74.154091 0.001183 0.996701 -0.081158 -409.812225 0.034549 0.081069 0.996110 23.506428
0.999456 -0.006811 -0.032262 76.605171 0.004053 0.996390 -0.084793 -409.799011 0.032723 0.084616 0.995876 23.598119
0.999412 -0.010673 -0.032587 79.084680 0.007839 0.996274 -0.085882 -409.777955 0.033383 0.085576 0.995772 23.691324
0.999337 -0.014322 -0.033480 81.583775 0.011478 0.996428 -0.083658 -409.734969 0.034559 0.083218 0.995932 23.787633
0.999249 -0.018360 -0.034127 84.119446 0.015489 0.996464 -0.082580 -409.685166 0.035523 0.081989 0.996000 23.888519
0.999117 -0.024814 -0.033903 86.661017 0.021828 0.996076 -0.085767 -409.628373 0.035898 0.084952 0.995738 23.999044
0.998529 -0.036485 -0.040119 90.443078 0.032606 0.995093 -0.093420 -409.524035 0.043330 0.091974 0.994818 24.168783
0.998205 -0.043894 -0.040750 92.965032 0.039931 0.994825 -0.093427 -409.422012 0.044640 0.091632 0.994792 24.308435
0.998064 -0.050032 -0.036958 95.477433 0.046529 0.994834 -0.090225 -409.293091 0.041281 0.088331 0.995235 24.431843
0.997695 -0.060203 -0.031322 99.239938 0.057281 0.994557 -0.087032 -409.073698 0.036391 0.085037 0.995713 24.604524
0.997193 -0.066292 -0.034799 101.721272 0.063220 0.994543 -0.082987 -408.904871 0.040110 0.080554 0.995943 24.717546
0.996680 -0.071881 -0.038240 104.210963 0.068744 0.994593 -0.077839 -408.721263 0.043629 0.074952 0.996232 24.843698
0.996177 -0.076244 -0.042648 107.930296 0.073049 0.994723 -0.072037 -408.424247 0.047915 0.068646 0.996490 25.034488
0.995866 -0.077514 -0.047349 110.410763 0.073753 0.994330 -0.076599 -408.229508 0.053018 0.072791 0.995937 25.171848
0.995879 -0.078311 -0.045750 114.129033 0.074317 0.993749 -0.083312 -407.967407 0.051989 0.079569 0.995473 25.393848
0.995954 -0.075403 -0.048882 116.591960 0.071676 0.994681 -0.073979 -407.756451 0.054201 0.070176 0.996061 25.538870
0.996280 -0.071256 -0.048465 119.058159 0.067860 0.995345 -0.068437 -407.558447 0.053115 0.064893 0.996478 25.688251
0.996460 -0.067861 -0.049631 121.513175 0.064260 0.995414 -0.070869 -407.392173 0.054213 0.067428 0.996250 25.839238
0.996957 -0.062997 -0.045913 125.201900 0.059662 0.995712 -0.070698 -407.149963 0.050170 0.067744 0.996441 26.060034
0.997097 -0.059257 -0.047803 127.647486 0.055971 0.996156 -0.067376 -406.988767 0.051612 0.064505 0.996582 26.202445
0.997003 -0.056359 -0.052989 130.089179 0.052836 0.996441 -0.065679 -406.838402 0.056502 0.062682 0.996433 26.349847
0.997175 -0.055371 -0.050747 132.547214 0.051932 0.996416 -0.066763 -406.699500 0.054262 0.063939 0.996478 26.499384
0.997382 -0.053677 -0.048447 136.234706 0.050301 0.996389 -0.068402 -406.496605 0.051943 0.065786 0.996481 26.710790
0.997289 -0.052292 -0.051776 138.704458 0.048518 0.996250 -0.071643 -406.368655 0.055328 0.068937 0.996086 26.860347
0.997189 -0.052356 -0.053606 141.177927 0.048404 0.996190 -0.072546 -406.237430 0.057200 0.069747 0.995923 27.015750
0.997253 -0.052376 -0.052371 143.655787 0.048565 0.996252 -0.071578 -406.110255 0.055924 0.068838 0.996059 27.166572
0.997418 -0.051414 -0.050146 147.378885 0.047588 0.996068 -0.074721 -405.922168 0.053791 0.072141 0.995943 27.394568
0.997406 -0.050276 -0.051518 151.104106 0.046258 0.996002 -0.076423 -405.738368 0.055154 0.073841 0.995744 27.611050
0.997209 -0.049046 -0.056285 153.591460 0.044607 0.995988 -0.077575 -405.614427 0.059864 0.074848 0.995396 27.770386
0.997724 -0.047696 -0.047659 157.338998 0.043622 0.995582 -0.083146 -405.441353 0.051414 0.080877 0.995397 28.004495
0.997770 -0.046034 -0.048335 159.836635 0.041854 0.995569 -0.084201 -405.325372 0.051997 0.081990 0.995276 28.152127
0.997796 -0.040478 -0.052584 162.340910 0.036290 0.996270 -0.078294 -405.207049 0.055557 0.076213 0.995543 28.300214
0.997995 -0.031845 -0.054704 164.854198 0.027717 0.996827 -0.074619 -405.107293 0.056907 0.072953 0.995711 28.452208
0.998370 -0.021325 -0.052947 167.358054 0.017495 0.997267 -0.071774 -405.038901 0.054333 0.070730 0.996015 28.605306
0.998935 -0.004673 -0.045899 171.135806 0.001030 0.996869 -0.079061 -405.000973 0.046125 0.078929 0.995813 28.813181
0.998867 0.007024 -0.047071 173.665288 -0.010833 0.996642 -0.081158 -405.008292 0.046343 0.081576 0.995589 28.944606
0.998582 0.018367 -0.049959 176.199122 -0.022230 0.996713 -0.077900 -405.034361 0.048364 0.078900 0.995709 29.076111
0.998053 0.035162 -0.051508 179.994531 -0.038853 0.996611 -0.072504 -405.127832 0.048785 0.074364 0.996037 29.283229
0.997955 0.046384 -0.043973 182.552156 -0.049374 0.996357 -0.069530 -405.225824 0.040588 0.071559 0.996610 29.409127
0.997760 0.051221 -0.043022 183.810070 -0.054116 0.996144 -0.069051 -405.281759 0.039320 0.071225 0.996685 29.465449
0.996635 0.061345 -0.054363 186.341971 -0.064971 0.995590 -0.067668 -405.422848 0.049972 0.070972 0.996226 29.592570
0.996156 0.066373 -0.057163 187.609904 -0.070343 0.995030 -0.070478 -405.514088 0.052201 0.074228 0.995874 29.672392
0.995595 0.077499 -0.052767 190.158993 -0.081399 0.993759 -0.076269 -405.709350 0.046527 0.080228 0.995690 29.803912
0.994679 0.089113 -0.051695 192.706263 -0.092987 0.992597 -0.078131 -405.923637 0.044350 0.082522 0.995602 29.930545
0.994177 0.094623 -0.051566 193.975504 -0.098423 0.992165 -0.076958 -406.040649 0.043880 0.081585 0.995700 29.991693
0.993175 0.105211 -0.050334 196.525560 -0.108780 0.991278 -0.074391 -406.292070 0.042068 0.079359 0.995958 30.123490
0.992000 0.115505 -0.050939 199.065711 -0.118733 0.990752 -0.065678 -406.556059 0.042882 0.071200 0.996540 30.242514
0.990685 0.127463 -0.047927 201.614870 -0.130300 0.989558 -0.061627 -406.860367 0.039572 0.067297 0.996948 30.362449
0.989255 0.138751 -0.046069 204.146038 -0.141507 0.987917 -0.063205 -407.200475 0.036743 0.069045 0.996937 30.475467
0.987339 0.152400 -0.044004 206.696080 -0.154885 0.986108 -0.060011 -407.562832 0.034247 0.066067 0.997227 30.581507
0.986377 0.159158 -0.041579 207.963653 -0.161380 0.985243 -0.057038 -407.754930 0.031888 0.062971 0.997506 30.628882
0.984130 0.172977 -0.039592 210.505392 -0.174971 0.983085 -0.054121 -408.168070 0.029561 0.060189 0.997749 30.730907
0.981728 0.186263 -0.038945 213.061340 -0.188205 0.980633 -0.054201 -408.625429 0.028095 0.060541 0.997770 30.824274
0.980697 0.191650 -0.038781 214.330048 -0.193559 0.979627 -0.053541 -408.868382 0.027730 0.060014 0.997812 30.863788
0.978730 0.201811 -0.036870 216.887382 -0.203658 0.977430 -0.056163 -409.378244 0.024703 0.062477 0.997741 30.945983
0.977837 0.206461 -0.034765 218.158546 -0.208160 0.976509 -0.055672 -409.641200 0.022455 0.061675 0.997844 30.985987
0.975550 0.217248 -0.033244 220.716981 -0.218804 0.974271 -0.054039 -410.185637 0.020648 0.059992 0.997985 31.063038
0.973243 0.228206 -0.026828 223.280959 -0.229283 0.972165 -0.048225 -410.750414 0.015076 0.053086 0.998476 31.115607
0.971965 0.233517 -0.027450 224.553685 -0.234647 0.970797 -0.049950 -411.048988 0.014984 0.054990 0.998374 31.140479
0.968754 0.245676 -0.034049 227.102983 -0.247130 0.967770 -0.048463 -411.669580 0.021045 0.055363 0.998244 31.206008
0.965596 0.258414 -0.029084 229.648049 -0.259676 0.964136 -0.054864 -412.338643 0.013863 0.060529 0.998070 31.258679
0.963566 0.266001 -0.027991 230.933261 -0.267182 0.962098 -0.054602 -412.683224 0.012406 0.060092 0.998116 31.287807
0.961285 0.274087 -0.028419 232.205706 -0.275257 0.959928 -0.052651 -413.030652 0.012849 0.058435 0.998209 31.311796
0.956086 0.291841 -0.026975 234.767822 -0.292875 0.954830 -0.050230 -413.773027 0.011097 0.055925 0.998373 31.356037
0.953397 0.300746 -0.024199 236.039971 -0.301621 0.952053 -0.051180 -414.166954 0.007647 0.056093 0.998396 31.379663
0.950642 0.309577 -0.021034 237.311181 -0.310267 0.949212 -0.052257 -414.565403 0.003788 0.056203 0.998412 31.391180
0.944969 0.326692 -0.017502 239.857110 -0.327156 0.943319 -0.055846 -415.413930 -0.001735 0.058498 0.998286 31.410202
0.939601 0.341916 -0.015611 242.402081 -0.342239 0.937891 -0.056851 -416.308435 -0.004797 0.058760 0.998261 31.419706
0.937095 0.348836 -0.012875 243.682061 -0.348994 0.935451 -0.055989 -416.769417 -0.007487 0.056961 0.998348 31.424199
0.934596 0.355570 -0.010004 244.950127 -0.355555 0.932988 -0.055808 -417.235998 -0.010510 0.055715 0.998391 31.423057
0.929730 0.368216 -0.004397 247.470815 -0.367901 0.928290 -0.054087 -418.189091 -0.015834 0.051904 0.998527 31.414654
0.927364 0.374158 -0.001177 248.707923 -0.373697 0.926056 -0.052644 -418.672807 -0.018608 0.049260 0.998613 31.409605
0.922704 0.385506 -0.001154 251.162249 -0.384987 0.921297 -0.054742 -419.668615 -0.020040 0.050955 0.998500 31.390827
0.918269 0.395956 0.000418 253.574153 -0.395346 0.916910 -0.054563 -420.678502 -0.021988 0.049938 0.998510 31.363052
0.915847 0.401518 0.002797 254.788884 -0.400796 0.914578 -0.053943 -421.199779 -0.024218 0.048283 0.998540 31.344980
0.911603 0.411004 0.007492 257.171531 -0.410123 0.910585 -0.051327 -422.237381 -0.027918 0.043717 0.998654 31.302221
0.909868 0.414865 0.005164 258.347898 -0.414115 0.908847 -0.050060 -422.764072 -0.025461 0.043409 0.998733 31.278435
