1.000000 0.000000 0.000000 -0.000000 -0.000000 1.000000 0.000000 0.000000 -0.000000 -0.000000 1.000000 -0.000000
0.999985 0.002318 -0.004963 1.876873 -0.002319 0.999997 -0.000223 0.002540 0.004963 0.000235 0.999988 0.028987
0.999989 0.000098 0.004584 4.737276 -0.000064 0.999973 -0.007412 -0.003300 -0.004585 0.007412 0.999962 0.058558
0.999998 -0.001627 -0.000910 6.605499 0.001619 0.999952 -0.009645 -0.001283 0.000925 0.009644 0.999953 0.081341
0.999989 -0.003879 0.002787 9.382659 0.003906 0.999946 -0.009635 0.019767 -0.002749 0.009646 0.999950 0.110870
0.999973 -0.005073 0.005375 11.225137 0.005131 0.999928 -0.010881 0.032208 -0.005320 0.010909 0.999926 0.127906
0.999967 -0.006897 0.004285 13.040513 0.006946 0.999910 -0.011461 0.052019 -0.004205 0.011490 0.999925 0.142042
0.999936 -0.011297 0.000496 15.732432 0.011302 0.999859 -0.012404 0.085887 -0.000356 0.012409 0.999923 0.167627
0.999897 -0.014363 -0.000196 17.524050 0.014360 0.999845 -0.010185 0.120897 0.000342 0.010181 0.999948 0.187006
0.999853 -0.017082 0.001734 19.313750 0.017099 0.999802 -0.010183 0.155971 -0.001560 0.010211 0.999947 0.207138
0.999795 -0.020114 0.002436 21.063399 0.020138 0.999744 -0.010304 0.194763 -0.002229 0.010351 0.999944 0.229147
0.999738 -0.022751 0.002529 22.796339 0.022775 0.999690 -0.010048 0.240921 -0.002299 0.010103 0.999946 0.248126
0.999640 -0.025409 0.008670 25.353415 0.025505 0.999613 -0.011071 0.311454 -0.008386 0.011288 0.999901 0.264293
0.999618 -0.027358 0.003830 27.779366 0.027389 0.999589 -0.008493 0.396394 -0.003596 0.008595 0.999957 0.285084
0.999561 -0.029444 0.003215 29.358327 0.029469 0.999534 -0.007920 0.453563 -0.002981 0.008012 0.999963 0.304610
0.999452 -0.033029 0.002394 30.903981 0.033046 0.999428 -0.007240 0.511836 -0.002153 0.007315 0.999971 0.323804
0.999211 -0.039062 0.007235 33.159589 0.039111 0.999212 -0.006712 0.603890 -0.006967 0.006990 0.999951 0.340567
0.999058 -0.042842 0.006915 34.604886 0.042866 0.999075 -0.003296 0.681330 -0.006768 0.003589 0.999971 0.354065
0.998849 -0.047120 0.008972 36.695122 0.047120 0.998889 0.000242 0.793577 -0.008973 0.000181 0.999960 0.364253
0.998999 -0.044486 0.004622 38.687452 0.044448 0.998980 0.007974 0.907828 -0.004972 -0.007761 0.999958 0.377917
0.999213 -0.039492 0.003688 39.966464 0.039455 0.999176 0.009534 0.967968 -0.004062 -0.009381 0.999948 0.388741
0.999543 -0.028292 0.010678 41.827632 0.028039 0.999339 0.023127 1.060536 -0.011325 -0.022817 0.999676 0.398949
0.999762 -0.017381 0.013184 42.993935 0.016972 0.999389 0.030543 1.103803 -0.013706 -0.030312 0.999447 0.398663
0.999884 -0.003470 0.014858 44.081139 0.002890 0.999240 0.038863 1.126757 -0.014982 -0.038816 0.999134 0.401716
0.999577 0.026906 0.011002 45.980476 -0.027447 0.998247 0.052445 1.124972 -0.009571 -0.052725 0.998563 0.413715
0.998117 0.059464 0.015017 47.546110 -0.060224 0.996577 0.056640 1.060016 -0.011597 -0.057437 0.998282 0.418849
0.995162 0.096838 0.016569 48.719978 -0.097702 0.993197 0.063362 0.965478 -0.010320 -0.064675 0.997853 0.428401
0.987988 0.154248 0.009344 49.766579 -0.154528 0.985797 0.065775 0.810510 0.000934 -0.066429 0.997791 0.439089
0.973501 0.228440 0.010554 50.745497 -0.228641 0.971394 0.064163 0.571812 0.004405 -0.064876 0.997884 0.454307
0.936739 0.349690 0.015405 51.964432 -0.349862 0.934026 0.072054 0.149355 0.010807 -0.072885 0.997282 0.478549
0.880312 0.474213 0.013118 52.885329 -0.473978 0.878045 0.066199 -0.365594 0.019874 -0.064493 0.997720 0.513731
0.787437 0.616230 0.014276 53.833551 -0.615409 0.784656 0.074744 -1.094538 0.034858 -0.067642 0.997101 0.551552
0.688547 0.724871 0.021573 54.545786 -0.724059 0.685506 0.076289 -1.842176 0.040511 -0.068149 0.996852 0.592713
0.513251 0.857861 0.025440 55.401518 -0.856931 0.510608 0.070350 -3.175767 0.047360 -0.057908 0.997198 0.672516
0.267942 0.962857 0.033368 56.180787 -0.962217 0.265702 0.059512 -5.363162 0.048436 -0.048053 0.997670 0.785889
0.180136 0.983499 0.016780 56.328314 -0.982519 0.179090 0.050827 -6.387312 0.046984 -0.025642 0.998566 0.852664
0.108144 0.994095 0.008996 56.429017 -0.992810 0.107528 0.052595 -7.427327 0.051317 -0.014619 0.998575 0.894715
0.053098 0.998588 -0.001879 56.466247 -0.997396 0.053126 0.048778 -8.542024 0.048809 -0.000716 0.998808 0.954196
0.002943 0.999963 -0.008036 56.477354 -0.998804 0.003332 0.048789 -10.287776 0.048814 0.007882 0.998777 1.040016
-0.018367 0.999760 -0.011970 56.459079 -0.998486 -0.017721 0.052076 -11.512633 0.051851 0.012908 0.998571 1.100506
-0.029972 0.999426 -0.015760 56.410639 -0.998156 -0.029093 0.053274 -12.775094 0.052785 0.017328 0.998456 1.170917
-0.035754 0.999291 -0.011781 56.378938 -0.998421 -0.035207 0.043782 -14.104402 0.043336 0.013328 0.998972 1.233179
-0.037938 0.999089 -0.019525 56.292701 -0.998614 -0.037192 0.037250 -16.156185 0.036490 0.020911 0.999115 1.331312
-0.035294 0.999188 -0.019413 56.247688 -0.998055 -0.034242 0.052101 -17.555030 0.051394 0.021214 0.998453 1.400059
-0.030890 0.999310 -0.020600 56.207723 -0.998345 -0.029847 0.049154 -19.020032 0.048505 0.022084 0.998579 1.465868
-0.025473 0.999495 -0.018992 56.175475 -0.998857 -0.024679 0.040932 -20.500433 0.040443 0.020013 0.998981 1.535602
-0.019516 0.999402 -0.028541 56.135655 -0.998518 -0.018033 0.051347 -21.949026 0.050802 0.029501 0.998273 1.629581
-0.008488 0.999713 -0.022401 56.134500 -0.998962 -0.007475 0.044941 -24.179938 0.044760 0.022759 0.998738 1.737419
-0.002768 0.999612 -0.027702 56.129469 -0.998736 -0.001373 0.050242 -25.644469 0.050184 0.027806 0.998353 1.833927
0.004463 0.999737 -0.022504 56.147928 -0.998706 0.005597 0.050554 -27.133086 0.050666 0.022249 0.998468 1.910919
0.011357 0.999430 -0.031799 56.153263 -0.998763 0.012877 0.048025 -28.611945 0.048407 0.031214 0.998340 1.996861
0.020578 0.999110 -0.036817 56.194497 -0.998608 0.022328 0.047780 -30.830858 0.048559 0.035782 0.998179 2.118772
0.027297 0.998886 -0.038490 56.232684 -0.998469 0.029098 0.047042 -32.320893 0.048110 0.037147 0.998151 2.202246
0.033243 0.998753 -0.037251 56.288409 -0.998206 0.035036 0.048561 -33.827956 0.049806 0.035570 0.998125 2.288179
0.038041 0.998709 -0.033660 56.356279 -0.998043 0.039645 0.048355 -35.350048 0.049627 0.031755 0.998263 2.370653
0.047446 0.998440 -0.029444 56.479493 -0.997356 0.048978 0.053689 -37.607769 0.055047 0.026819 0.998124 2.502832
0.054323 0.998233 -0.024078 56.575545 -0.996770 0.055640 0.057914 -39.141916 0.059152 0.020854 0.998031 2.597231
0.060747 0.997905 -0.022252 56.683738 -0.996421 0.061939 0.057524 -40.701908 0.058782 0.018678 0.998096 2.694194
0.068139 0.997504 -0.018506 56.805422 -0.995819 0.069131 0.059719 -42.272393 0.060849 0.014360 0.998044 2.798279
0.077249 0.996825 -0.019301 56.934848 -0.995305 0.078235 0.056988 -43.860791 0.058317 0.014808 0.998188 2.907917
0.088159 0.996000 -0.014569 57.090773 -0.993609 0.088964 0.069475 -45.449048 0.070493 0.008351 0.997477 3.010007
0.102642 0.994667 -0.010143 57.269390 -0.991647 0.103120 0.077475 -47.050341 0.078108 0.002106 0.996943 3.129751
0.118089 0.992975 -0.007446 57.473384 -0.990215 0.118316 0.073998 -48.676991 0.074359 -0.001365 0.997231 3.264795
0.133376 0.991049 -0.005709 57.693917 -0.988917 0.133464 0.065040 -50.305800 0.065220 -0.003029 0.997866 3.397086
0.147934 0.988992 -0.003162 57.944674 -0.987500 0.147885 0.054524 -51.932625 0.054392 -0.004944 0.998507 3.509683
0.165474 0.986202 -0.004856 58.344265 -0.983920 0.165422 0.067352 -54.292008 0.067225 -0.006367 0.997717 3.672240
0.176072 0.984375 -0.002091 58.635710 -0.981942 0.175785 0.069918 -55.834027 0.069193 -0.010257 0.997551 3.792037
0.185421 0.982645 -0.005299 58.923001 -0.980777 0.185396 0.060863 -57.360626 0.060789 -0.006088 0.998132 3.907013
0.191946 0.981405 0.000743 59.224068 -0.980166 0.191666 0.050391 -58.850089 0.049312 -0.010400 0.998729 4.008467
0.197873 0.980221 0.003707 59.528320 -0.978931 0.197416 0.052169 -60.291015 0.050406 -0.013952 0.998631 4.108521
0.203477 0.979051 0.007451 59.983962 -0.977022 0.202550 0.066345 -62.368710 0.063446 -0.020779 0.997769 4.249840
0.206901 0.978327 0.008229 60.285049 -0.976202 0.205879 0.068147 -63.719467 0.064976 -0.022133 0.997641 4.346705
0.207922 0.978107 0.008692 60.577066 -0.976345 0.206992 0.062484 -65.030470 0.059317 -0.021479 0.998008 4.447381
0.206507 0.978406 0.008755 60.851497 -0.976762 0.205619 0.060473 -66.309739 0.057367 -0.021040 0.998131 4.543010
0.202598 0.979204 0.010682 61.120817 -0.977393 0.201526 0.063949 -67.544808 0.060466 -0.023397 0.997896 4.629004
0.198421 0.980092 0.006945 61.374988 -0.977917 0.197496 0.068358 -68.749159 0.065626 -0.020355 0.997637 4.724123
0.194150 0.980932 0.008809 61.622017 -0.979047 0.193199 0.064345 -69.930980 0.061416 -0.021117 0.997889 4.807578
0.187804 0.982204 0.002083 61.960974 -0.980432 0.187337 0.060481 -71.631061 0.059015 -0.013401 0.998167 4.934847
0.183506 0.983016 -0.002037 62.158862 -0.980962 0.183256 0.064277 -72.722292 0.063558 -0.009797 0.997930 5.009007
0.181251 0.983433 -0.002911 62.361073 -0.981300 0.181051 0.065354 -73.812700 0.064798 -0.008989 0.997858 5.086671
0.182968 0.983025 -0.013595 62.545534 -0.981090 0.183461 0.061672 -74.899988 0.063119 0.002054 0.998004 5.163090
0.188150 0.982030 -0.014698 62.751739 -0.980162 0.188699 0.060626 -76.005022 0.062310 0.002999 0.998052 5.243522
0.200038 0.979666 -0.015451 62.979492 -0.977827 0.200610 0.060078 -77.118826 0.061956 0.003091 0.998074 5.320210
0.215746 0.976341 -0.014568 63.234743 -0.974574 0.216232 0.058739 -78.255542 0.060499 0.001525 0.998167 5.389343
0.234361 0.972086 -0.011080 63.526987 -0.970350 0.234605 0.058155 -79.413452 0.059131 -0.002878 0.998246 5.471562
0.253806 0.967239 -0.005510 63.859260 -0.965172 0.253629 0.064148 -80.596553 0.063444 -0.010963 0.997925 5.546857
0.275421 0.961319 -0.003065 64.222379 -0.959025 0.274981 0.068242 -81.817004 0.066445 -0.015856 0.997664 5.633134
0.305508 0.952188 0.001351 64.835645 -0.949848 0.304658 0.070513 -83.690264 0.066730 -0.022826 0.997510 5.763286
0.327079 0.944997 0.000012 65.291117 -0.943342 0.326506 0.059153 -85.017379 0.055896 -0.019359 0.998249 5.851280
0.348603 0.937269 -0.001462 65.797277 -0.936009 0.348215 0.051321 -86.382291 0.048611 -0.016522 0.998681 5.929468
0.365790 0.930628 -0.011377 66.327195 -0.929568 0.365921 0.044785 -87.766564 0.045842 -0.005806 0.998932 6.004719
0.379824 0.924793 -0.022190 66.894360 -0.924336 0.380366 0.030398 -89.215715 0.036552 0.008965 0.999292 6.084446
0.401015 0.915332 -0.036802 67.809662 -0.914577 0.402331 0.040964 -91.362355 0.052302 0.017232 0.998483 6.190517
0.411174 0.911052 -0.030342 68.463988 -0.910004 0.412188 0.044650 -92.775741 0.053185 0.009252 0.998542 6.277366
0.419746 0.907282 -0.025550 69.121176 -0.905847 0.420519 0.051037 -94.155928 0.057050 0.001722 0.998370 6.381160
0.427264 0.903846 -0.022546 69.773128 -0.901973 0.427834 0.058341 -95.490079 0.062377 -0.004591 0.998042 6.483854
0.438851 0.898332 -0.020241 70.735524 -0.896894 0.439298 0.050983 -97.447544 0.054692 -0.004220 0.998494 6.632248
0.445905 0.894915 -0.017224 71.366721 -0.893453 0.446171 0.051708 -98.689710 0.053959 -0.007668 0.998514 6.726064
0.450593 0.892493 -0.020528 71.977102 -0.891083 0.451039 0.050354 -99.899100 0.054200 -0.004397 0.998520 6.816282
0.454073 0.890724 -0.020700 72.585626 -0.889366 0.454527 0.049333 -101.076152 0.053351 -0.003990 0.998568 6.903111
0.460968 0.887053 -0.025423 73.459887 -0.885628 0.461668 0.050252 -102.762359 0.056313 -0.000649 0.998413 7.029279
0.466658 0.883918 -0.030328 74.023803 -0.882638 0.467621 0.047762 -103.845065 0.056400 0.004480 0.998398 7.111893
0.473315 0.880286 -0.032709 74.589074 -0.879085 0.474396 0.046452 -104.893626 0.056408 0.006768 0.998385 7.193214
0.480027 0.876541 -0.035351 75.149948 -0.875428 0.481237 0.045121 -105.918047 0.056563 0.009288 0.998356 7.270950
0.492772 0.869296 -0.038722 75.992339 -0.867937 0.494205 0.049460 -107.412736 0.062132 0.009235 0.998025 7.387765
0.503507 0.863182 -0.037382 76.585996 -0.860916 0.504892 0.062503 -108.376959 0.072825 0.000713 0.997344 7.469950
0.516037 0.855845 -0.035147 77.193742 -0.852720 0.517171 0.073503 -109.337351 0.081084 -0.007960 0.996675 7.554344
0.534624 0.844933 -0.016297 78.163594 -0.842305 0.534328 0.070820 -110.822567 0.068546 -0.024135 0.997356 7.692468
0.547716 0.836651 -0.004756 78.855250 -0.834594 0.546752 0.067202 -111.837280 0.058825 -0.032839 0.997728 7.779329
0.560578 0.828102 -0.000263 79.579296 -0.825792 0.559038 0.074459 -112.870151 0.061807 -0.041523 0.997224 7.856531
0.573096 0.819488 0.000684 80.338477 -0.816872 0.571200 0.080317 -113.925810 0.065428 -0.046588 0.996769 7.935465
0.593489 0.804796 0.008636 81.583669 -0.802556 0.590961 0.081665 -115.580681 0.060620 -0.055398 0.996622 8.064388
0.609010 0.793103 0.009699 82.477310 -0.791083 0.606484 0.079780 -116.731662 0.057391 -0.056259 0.996765 8.160882
0.631524 0.775250 0.012795 83.911789 -0.773273 0.628534 0.083629 -118.472794 0.056791 -0.062708 0.996415 8.278293
0.640637 0.767746 0.012240 84.922633 -0.765902 0.637802 0.081262 -119.668888 0.054582 -0.061434 0.996618 8.368080
0.650107 0.759842 0.000632 86.500474 -0.758050 0.648517 0.069173 -121.542821 0.052151 -0.045449 0.997604 8.502876
0.656434 0.754367 -0.004861 87.596260 -0.752918 0.655548 0.058064 -122.817229 0.046988 -0.034455 0.998301 8.598448
0.666498 0.745502 -0.002697 89.337755 -0.743952 0.665337 0.062144 -124.742687 0.048123 -0.039412 0.998064 8.724230
0.672555 0.740028 0.005265 90.532800 -0.738775 0.670965 0.063392 -126.026370 0.043379 -0.046525 0.997975 8.810611
0.679507 0.733518 0.014881 91.750304 -0.733061 0.677980 0.054456 -127.318839 0.029856 -0.047912 0.998405 8.880914
0.688066 0.725577 0.010201 92.984327 -0.725142 0.686992 0.047014 -128.631596 0.027104 -0.039746 0.998842 8.946233
0.697435 0.716572 -0.010416 94.230955 -0.715498 0.697065 0.046508 -129.940207 0.040587 -0.024983 0.998864 9.013789
0.708933 0.705076 -0.016750 95.525749 -0.704033 0.708894 0.042512 -131.242418 0.041848 -0.018346 0.998956 9.085925
0.719570 0.694055 -0.022515 96.841434 -0.693314 0.719875 0.033096 -132.530933 0.039179 -0.008205 0.999199 9.172838
0.727663 0.685364 -0.027979 98.182742 -0.684370 0.728152 0.037842 -133.791644 0.046309 -0.008388 0.998892 9.261723
0.733562 0.679008 -0.028877 99.555413 -0.678405 0.734129 0.028668 -135.071025 0.040665 -0.001439 0.999172 9.358604
0.735784 0.676597 -0.028961 100.931006 -0.676319 0.736337 0.020000 -136.342733 0.034857 0.004872 0.999380 9.446403
0.735377 0.677171 -0.025698 103.011220 -0.676823 0.735824 0.021755 -138.232046 0.033641 0.001394 0.999433 9.568334
0.732657 0.680240 -0.022073 104.395212 -0.679638 0.732961 0.029316 -139.476084 0.036121 -0.006477 0.999326 9.646666
0.728592 0.684739 -0.016940 105.774033 -0.684045 0.728678 0.033336 -140.735188 0.035170 -0.012700 0.999301 9.724627
0.724039 0.689646 -0.012496 107.130444 -0.689090 0.724015 0.030929 -141.997164 0.030377 -0.013783 0.999443 9.795529
0.718590 0.695225 -0.017047 108.463753 -0.694655 0.718730 0.029693 -143.273011 0.032896 -0.009495 0.999414 9.882928
0.705194 0.708942 -0.010123 111.080824 -0.707980 0.704865 0.043926 -145.812632 0.038276 -0.023810 0.998983 10.055693
0.698498 0.715595 -0.004923 112.359779 -0.714826 0.698036 0.042053 -147.090164 0.033529 -0.025855 0.999103 10.139092
0.691838 0.721992 -0.009431 113.599745 -0.721201 0.691596 0.039550 -148.367670 0.035077 -0.020561 0.999173 10.215791
0.684544 0.728796 -0.015979 114.822313 -0.727883 0.684556 0.039612 -149.661981 0.039807 -0.015485 0.999087 10.301901
0.676885 0.735943 -0.014679 116.044918 -0.734995 0.676831 0.041025 -150.962448 0.040127 -0.016981 0.999050 10.376312
0.666131 0.745711 -0.013602 117.269946 -0.744705 0.666015 0.042876 -152.293883 0.041032 -0.018431 0.998988 10.453439
0.647542 0.761927 -0.012487 119.059041 -0.760204 0.647038 0.058590 -154.310859 0.052721 -0.028447 0.998204 10.611398
0.635375 0.772201 0.002149 120.249365 -0.771379 0.634565 0.047980 -155.722617 0.035687 -0.032143 0.998846 10.684035
0.621301 0.783495 0.011002 121.434414 -0.783109 0.620389 0.043110 -157.168425 0.026951 -0.035400 0.999010 10.757386
0.606320 0.795219 0.001882 122.581357 -0.794504 0.605671 0.043893 -158.637930 0.033765 -0.028109 0.999034 10.821354
0.591562 0.806236 -0.006098 123.676429 -0.804869 0.590970 0.054224 -160.102985 0.047321 -0.027169 0.998510 10.921672
0.577601 0.816280 -0.007971 124.775740 -0.815328 0.577353 0.043631 -161.644646 0.040217 -0.018702 0.999016 11.008196
0.563499 0.826099 -0.005385 125.832216 -0.825177 0.563157 0.044016 -163.149297 0.039394 -0.020359 0.999016 11.093126
0.552022 0.833763 -0.010522 126.840478 -0.833074 0.552015 0.035600 -164.664619 0.035490 -0.010887 0.999311 11.183503
0.538497 0.842604 -0.006226 128.289829 -0.842032 0.538380 0.033590 -166.879475 0.031655 -0.012846 0.999416 11.301216
0.531133 0.847213 -0.011350 129.218278 -0.846280 0.531106 0.041680 -168.327047 0.041340 -0.012533 0.999067 11.381883
0.525077 0.851019 -0.007847 130.132393 -0.850212 0.524944 0.039671 -169.777575 0.037880 -0.014159 0.999182 11.461287
0.520225 0.853982 -0.008955 131.011609 -0.853613 0.520270 0.025761 -171.222523 0.026659 -0.005757 0.999628 11.540298
0.515502 0.856730 -0.016478 131.854877 -0.856333 0.515765 0.026080 -172.622416 0.030842 0.000667 0.999524 11.606400
0.508535 0.860699 -0.024269 133.081328 -0.859626 0.509113 0.042981 -174.659272 0.049350 -0.000995 0.998781 11.726380
0.503742 0.863813 -0.008465 133.899087 -0.863349 0.503758 0.029250 -176.012295 0.029531 -0.007426 0.999536 11.798254
0.498793 0.866714 0.003475 134.702226 -0.866449 0.498532 0.027059 -177.339265 0.021720 -0.016507 0.999628 11.864520
0.494410 0.869226 -0.002203 135.445339 -0.868763 0.494226 0.031473 -178.629807 0.028446 -0.013647 0.999502 11.924551
0.487129 0.873330 -0.000363 136.534208 -0.872962 0.486936 0.028815 -180.530866 0.025341 -0.013720 0.999585 12.005112
0.471330 0.881945 -0.004602 137.865455 -0.881370 0.471200 0.034005 -182.946038 0.032159 -0.011971 0.999411 12.117321
0.460693 0.887528 -0.007472 138.492240 -0.886734 0.460611 0.039236 -184.128164 0.038265 -0.011450 0.999202 12.174640
0.447809 0.894084 -0.009024 139.095379 -0.893072 0.447747 0.044094 -185.314016 0.043464 -0.011687 0.998987 12.241398
0.435010 0.900425 -0.001170 139.702859 -0.899403 0.434578 0.047067 -186.522362 0.042888 -0.019422 0.998891 12.296438
0.422069 0.906564 -0.000217 140.297519 -0.905404 0.421541 0.050468 -187.760310 0.045843 -0.021105 0.998726 12.371655
0.407491 0.913205 0.002722 140.885029 -0.911685 0.406637 0.058956 -189.022744 0.052732 -0.026506 0.998257 12.437244
0.392961 0.919546 0.004051 141.457492 -0.917788 0.391929 0.063700 -190.325358 0.056988 -0.028750 0.997961 12.519475
0.378031 0.925789 0.002553 142.019229 -0.923827 0.377047 0.066174 -191.672285 0.060301 -0.027375 0.997805 12.609646
0.363453 0.931610 0.001970 142.575206 -0.929827 0.362625 0.062648 -193.078814 0.057649 -0.024602 0.998034 12.699505
0.349344 0.936979 0.005385 143.140534 -0.935639 0.348523 0.055780 -194.543363 0.050388 -0.024525 0.998429 12.779000
0.337552 0.941284 0.006604 143.695189 -0.940393 0.336907 0.046410 -196.059586 0.041460 -0.021876 0.998901 12.867458
0.327217 0.944942 0.003680 144.240763 -0.944231 0.326815 0.040241 -197.622946 0.036823 -0.016643 0.999183 12.934899
0.312571 0.949747 -0.016765 145.029340 -0.947526 0.312988 0.065065 -200.010063 0.067042 -0.004452 0.997740 13.063342
0.302916 0.952662 -0.026012 145.556354 -0.951230 0.303906 0.052931 -201.693049 0.058330 0.008710 0.998259 13.171008
0.293511 0.955614 -0.025554 146.081100 -0.954239 0.294481 0.052048 -203.387010 0.057263 0.009108 0.998318 13.287680
0.283773 0.958707 -0.018819 146.617795 -0.956469 0.284396 0.065468 -205.095164 0.068117 -0.000579 0.997677 13.399183
0.268599 0.963208 -0.009237 147.389084 -0.961475 0.268674 0.058134 -207.716624 0.058477 -0.006733 0.998266 13.570623
0.258442 0.965967 -0.010773 147.876875 -0.963959 0.258602 0.062512 -209.491213 0.063170 -0.005771 0.997986 13.683031
0.249389 0.968277 -0.015649 148.356100 -0.966408 0.249879 0.060133 -211.319652 0.062135 0.000127 0.998068 13.808804
0.242135 0.970084 -0.017536 148.825561 -0.968346 0.242751 0.058125 -213.164515 0.060643 0.002907 0.998155 13.934458
0.234250 0.972112 -0.011168 149.524924 -0.970601 0.234509 0.054216 -215.932347 0.055323 -0.001861 0.998467 14.107203
0.230157 0.973119 -0.008232 149.977616 -0.971385 0.230240 0.058313 -217.766843 0.058641 -0.005424 0.998264 14.228325
0.227584 0.973720 -0.008615 150.422843 -0.972078 0.227702 0.056711 -219.623516 0.057183 -0.004532 0.998353 14.360604
0.224051 0.974523 -0.010305 150.871089 -0.973282 0.224286 0.049180 -221.513312 0.050238 -0.000989 0.998737 14.478841
0.220819 0.975275 -0.008793 151.305114 -0.973605 0.220956 0.057197 -223.348093 0.057725 -0.004070 0.998324 14.585547
0.213061 0.977013 -0.007144 151.934638 -0.975326 0.213115 0.057626 -226.107800 0.057824 -0.005310 0.998313 14.769675
0.207235 0.978274 -0.005756 152.347601 -0.977142 0.207273 0.047249 -227.981313 0.047415 -0.004167 0.998867 14.884574
0.198575 0.980080 -0.003245 152.751964 -0.978874 0.198493 0.049052 -229.844990 0.048719 -0.006564 0.998791 14.988294
0.190748 0.981634 -0.002995 153.126446 -0.980449 0.190666 0.048647 -231.686840 0.048325 -0.006343 0.998812 15.091757
0.182738 0.983159 -0.002124 153.487938 -0.982049 0.182634 0.047161 -233.543730 0.046754 -0.006532 0.998885 15.195844
0.174710 0.984617 0.002461 153.837823 -0.983488 0.174389 0.048366 -235.387309 0.047193 -0.010870 0.998827 15.297681
0.167592 0.985813 0.009277 154.174963 -0.984773 0.166959 0.048444 -237.237191 0.046208 -0.017254 0.998783 15.396975
0.157755 0.987314 0.018014 154.670856 -0.985866 0.156429 0.059990 -239.989841 0.056411 -0.027223 0.998036 15.558886
0.150999 0.988330 0.020054 154.968115 -0.987268 0.149748 0.053635 -241.831369 0.050006 -0.027898 0.998359 15.672736
0.144023 0.989384 0.019390 155.245283 -0.988523 0.142939 0.048903 -243.649398 0.045612 -0.026210 0.998615 15.778832
0.136464 0.990444 0.019945 155.511397 -0.989510 0.135316 0.050595 -245.469475 0.047413 -0.026640 0.998520 15.871942
0.122297 0.992434 0.010882 155.861068 -0.991632 0.121727 0.042993 -248.201289 0.041343 -0.016049 0.999016 16.020737
0.112483 0.993616 0.008690 156.084960 -0.992190 0.111839 0.055241 -249.991492 0.053917 -0.014835 0.998435 16.128160
0.101987 0.994750 0.008427 156.277355 -0.992220 0.101113 0.072638 -251.763695 0.071405 -0.015770 0.997323 16.239960
0.087092 0.996011 0.019435 156.555160 -0.994717 0.085881 0.056244 -254.457511 0.054351 -0.024231 0.998228 16.419457
0.073798 0.996862 0.028637 156.721249 -0.995948 0.072189 0.053634 -256.222609 0.051398 -0.032479 0.998150 16.534184
0.059826 0.997558 0.036027 156.856462 -0.997272 0.058168 0.045447 -258.001006 0.043241 -0.038647 0.998317 16.633523
0.040769 0.998743 0.029164 156.977530 -0.997829 0.039186 0.052937 -260.627808 0.051727 -0.031259 0.998172 16.778432
0.027442 0.999134 0.031264 157.051786 -0.998503 0.025918 0.048162 -262.385116 0.047310 -0.032538 0.998350 16.875099
0.015413 0.999545 0.025931 157.092931 -0.998720 0.014140 0.048565 -264.114342 0.048176 -0.026646 0.998483 16.975441
0.005184 0.999785 0.020091 157.097036 -0.998606 0.004121 0.052619 -266.695733 0.052525 -0.020335 0.998413 17.118285
0.000873 0.999869 0.016137 157.101947 -0.998833 0.000093 0.048299 -268.438205 0.048291 -0.016160 0.998703 17.219453
-0.002947 0.999941 0.010455 157.099907 -0.998751 -0.003464 0.049850 -271.028429 0.049884 -0.010295 0.998702 17.363109
-0.002057 0.999985 0.005015 157.094033 -0.998621 -0.002317 0.052440 -272.727561 0.052451 -0.004900 0.998611 17.464293
0.002830 0.999996 0.000214 157.102400 -0.998678 0.002815 0.051329 -275.230327 0.051328 -0.000359 0.998682 17.620746
0.007893 0.999968 -0.001227 157.120428 -0.998907 0.007941 0.046058 -276.847519 0.046067 0.000862 0.998938 17.718632
0.015194 0.999885 0.000279 157.151301 -0.999060 0.015170 0.040601 -278.439269 0.040592 -0.000896 0.999175 17.810940
0.023166 0.999704 0.007462 157.203906 -0.998857 0.022833 0.041982 -279.963357 0.041800 -0.008426 0.999090 17.893436
0.030394 0.999510 0.007482 157.255169 -0.998757 0.030074 0.039758 -281.445139 0.039513 -0.008681 0.999181 17.967688
0.041925 0.999062 0.010800 157.357090 -0.998507 0.041518 0.035510 -283.597041 0.035029 -0.012273 0.999311 18.078115
0.049163 0.998731 0.010917 157.423648 -0.998061 0.048707 0.038767 -284.949179 0.038186 -0.012802 0.999189 18.139838
0.055953 0.998331 0.014329 157.507718 -0.997592 0.055311 0.041843 -286.246831 0.040980 -0.016636 0.999021 18.209073
0.062622 0.997872 0.018187 157.598151 -0.997153 0.061790 0.043223 -287.478693 0.042007 -0.020842 0.998900 18.268674
0.069242 0.997425 0.018674 157.682077 -0.996716 0.068380 0.043370 -288.664380 0.041982 -0.021616 0.998885 18.334700
0.078344 0.996625 0.024508 157.833468 -0.995962 0.077164 0.045874 -290.375993 0.043828 -0.028003 0.998647 18.430953
0.084072 0.996140 0.025239 157.936522 -0.995504 0.082855 0.045902 -291.468398 0.043634 -0.028984 0.998627 18.491906
0.089595 0.995624 0.026549 158.045039 -0.994935 0.088250 0.048137 -292.530214 0.045583 -0.030728 0.998488 18.549037
0.094613 0.995171 0.026151 158.149006 -0.994338 0.093192 0.051070 -293.549107 0.048386 -0.030835 0.998353 18.608067
0.099017 0.994690 0.028057 158.306812 -0.993728 0.097370 0.054991 -295.018738 0.051967 -0.033326 0.998093 18.690908
0.096037 0.994930 0.029855 158.515104 -0.994058 0.094322 0.054334 -296.985507 0.051243 -0.034896 0.998076 18.798919
0.092527 0.995371 0.025969 158.607012 -0.994196 0.090917 0.057517 -298.000997 0.054890 -0.031140 0.998007 18.859084
0.088351 0.995943 0.017106 158.694544 -0.994014 0.087046 0.066022 -299.043203 0.064265 -0.022836 0.997672 18.928644
0.083784 0.996314 0.018409 158.789023 -0.994154 0.082311 0.069881 -300.148022 0.068109 -0.024156 0.997385 18.976236
0.079748 0.996796 0.006160 158.860242 -0.994960 0.079221 0.061473 -301.298534 0.060788 -0.011031 0.998090 19.073276
0.075126 0.997138 0.008517 158.963827 -0.995200 0.074437 0.063530 -302.474525 0.062714 -0.013249 0.997944 19.147450
0.071614 0.997407 0.007157 159.056586 -0.995410 0.071011 0.064165 -303.707480 0.063490 -0.011719 0.997914 19.213351
0.067989 0.997685 0.001326 159.135272 -0.995791 0.067777 0.061697 -304.984043 0.061465 -0.005515 0.998094 19.305847
0.062514 0.998009 0.008385 159.287693 -0.995766 0.061801 0.068054 -306.965582 0.067400 -0.012603 0.997646 19.419845
0.059452 0.998180 0.010116 159.377538 -0.995906 0.058620 0.068812 -308.353718 0.068094 -0.014165 0.997578 19.515300
0.055816 0.998329 0.014942 159.473986 -0.996111 0.054658 0.069105 -309.767944 0.068172 -0.018741 0.997498 19.609142
0.050897 0.998651 0.010251 159.595167 -0.995258 0.049867 0.083513 -311.948417 0.082889 -0.014453 0.996454 19.769729
0.048766 0.998809 0.001698 159.648867 -0.995992 0.048501 0.075153 -313.458884 0.074981 -0.005356 0.997171 19.897388
0.046533 0.998912 -0.003001 159.706279 -0.996262 0.046628 0.072721 -315.010261 0.072782 -0.000394 0.997348 20.018854
0.044580 0.998993 -0.005157 159.822559 -0.996197 0.044840 0.074706 -317.383326 0.074862 0.001807 0.997192 20.193676
0.046271 0.998907 -0.006603 159.900811 -0.996358 0.046625 0.071399 -319.003831 0.071629 0.003275 0.997426 20.317633
0.050208 0.998709 -0.007723 160.035239 -0.996454 0.050615 0.067218 -321.486384 0.067522 0.004321 0.997708 20.497303
0.053754 0.998505 -0.009922 160.125320 -0.996392 0.054288 0.065230 -323.195225 0.065672 0.006380 0.997821 20.617212
0.061028 0.998027 -0.014728 160.267914 -0.996076 0.061843 0.063313 -325.793858 0.064099 0.010807 0.997885 20.787424
0.066589 0.997635 -0.017017 160.392233 -0.995735 0.067534 0.062852 -327.566779 0.063853 0.012759 0.997878 20.907700
0.072518 0.997213 -0.017550 160.520734 -0.995230 0.073503 0.064152 -329.353772 0.065264 0.012814 0.997786 21.032323
0.080141 0.996711 -0.011994 160.758996 -0.994491 0.080766 0.066812 -332.064760 0.067561 0.006574 0.997694 21.214296
0.083285 0.996460 -0.011438 160.921462 -0.994505 0.083841 0.062689 -333.902251 0.063426 0.006154 0.997968 21.346210
0.085799 0.996229 -0.012883 161.093290 -0.994462 0.086421 0.059815 -335.768975 0.060702 0.007680 0.998126 21.464697
0.087556 0.996095 -0.011350 161.350608 -0.994360 0.088077 0.059085 -338.540217 0.059854 0.006113 0.998188 21.652459
0.088385 0.996062 -0.006984 161.532846 -0.994366 0.088642 0.058136 -340.380971 0.058526 0.001806 0.998284 21.774638
0.088636 0.996045 -0.006220 161.705600 -0.994270 0.088849 0.059431 -342.194473 0.059749 0.000917 0.998213 21.894607
0.089334 0.995989 -0.004986 161.961124 -0.994168 0.089472 0.060208 -344.919192 0.060413 -0.000422 0.998173 22.077083
0.089686 0.995955 -0.005419 162.216422 -0.994043 0.089849 0.061696 -347.623135 0.061933 -0.000146 0.998080 22.256042
0.091337 0.995763 -0.010636 162.380439 -0.993993 0.091810 0.059567 -349.427679 0.060291 0.005131 0.998168 22.373716
0.094569 0.995376 -0.016844 162.544532 -0.993767 0.095392 0.057691 -351.216388 0.059031 0.011283 0.998192 22.492044
0.099949 0.994646 -0.026271 162.713009 -0.992655 0.101488 0.065850 -352.996296 0.068163 0.019496 0.997484 22.611596
0.108935 0.993536 -0.031919 162.988605 -0.991563 0.110876 0.067152 -355.665762 0.070257 0.024335 0.997232 22.807463
0.125596 0.991692 -0.027810 163.436098 -0.990217 0.127028 0.057746 -359.246458 0.060798 0.020285 0.997944 23.067350
0.142117 0.989558 -0.024032 163.811539 -0.988080 0.143273 0.056317 -361.900550 0.059172 0.015742 0.998124 23.243997
0.157487 0.987283 -0.021692 164.101681 -0.985632 0.158506 0.058360 -363.678185 0.061057 0.012189 0.998060 23.362406
0.176212 0.984149 -0.019985 164.421406 -0.982372 0.177108 0.059821 -365.456960 0.062413 0.009092 0.998009 23.483972
0.204792 0.978655 -0.017193 164.958951 -0.976835 0.205462 0.059820 -368.120962 0.062076 0.004544 0.998061 23.668134
0.219461 0.975499 -0.015466 165.360209 -0.973701 0.219996 0.059231 -369.882025 0.061183 0.002061 0.998124 23.791200
0.230254 0.973030 -0.014014 165.786831 -0.971185 0.230680 0.059887 -371.649847 0.061505 -0.000180 0.998107 23.915519
0.243607 0.969781 -0.013449 166.456260 -0.967955 0.243974 0.059505 -374.316378 0.060988 -0.001478 0.998137 24.097607
0.253070 0.967350 -0.013746 166.926483 -0.965532 0.253437 0.059311 -376.098252 0.060858 -0.001737 0.998145 24.220865
0.261912 0.965010 -0.012596 167.419908 -0.963357 0.262201 0.056506 -377.881801 0.057831 -0.002665 0.998323 24.340156
0.275405 0.961262 -0.011280 168.178728 -0.959949 0.275619 0.050325 -380.531209 0.051484 -0.003031 0.998669 24.512546
0.283972 0.958771 -0.010904 168.697157 -0.957300 0.284142 0.053291 -382.254703 0.054192 -0.004694 0.998519 24.625027
0.293450 0.955936 -0.008572 169.225834 -0.954287 0.293453 0.056753 -383.951898 0.056767 -0.008474 0.998351 24.737045
0.299570 0.954072 -0.001968 169.774377 -0.952831 0.299285 0.050415 -385.652431 0.048689 -0.013228 0.998726 24.841939
0.302876 0.953022 0.003804 170.599389 -0.951323 0.302092 0.061037 -388.135673 0.057021 -0.022106 0.998128 24.994183
0.304538 0.952412 0.012969 171.417974 -0.951318 0.303454 0.053933 -390.600703 0.047431 -0.028763 0.998460 25.151061
0.303849 0.952602 0.015028 171.950325 -0.951699 0.302756 0.051060 -392.220354 0.044090 -0.029817 0.998582 25.249767
0.302131 0.953216 0.009801 172.722527 -0.952245 0.301315 0.049389 -394.627034 0.044125 -0.024255 0.998732 25.374306
0.301827 0.953326 0.008331 173.242459 -0.952339 0.301087 0.048955 -396.231581 0.044162 -0.022710 0.998766 25.465990
0.301113 0.953584 0.002900 173.750202 -0.952059 0.300457 0.057525 -397.817688 0.053983 -0.020083 0.998340 25.560958
0.300221 0.953853 0.005629 174.531666 -0.952617 0.299519 0.053009 -400.254871 0.048877 -0.021276 0.998578 25.691613
0.299789 0.954001 0.002909 175.059366 -0.952500 0.299143 0.057068 -401.906188 0.053573 -0.019880 0.998366 25.786450
0.301022 0.953616 0.001549 175.862516 -0.952248 0.300502 0.054067 -404.447225 0.051094 -0.017750 0.998536 25.922625
0.300991 0.953611 -0.005568 176.405552 -0.952179 0.300851 0.053331 -406.166381 0.052532 -0.010750 0.998561 26.026005
0.302271 0.953146 -0.012028 176.947369 -0.951776 0.302483 0.051243 -407.900702 0.052480 -0.004042 0.998614 26.123192
0.304611 0.952296 -0.018579 177.760477 -0.951225 0.305152 0.045318 -410.500882 0.048825 0.003869 0.998800 26.286832
0.306008 0.951924 -0.014148 178.334278 -0.951242 0.306325 0.036115 -412.244981 0.038712 0.002407 0.999248 26.376116
0.306556 0.951725 -0.015579 178.885972 -0.950912 0.306939 0.039421 -413.947642 0.042300 0.002730 0.999101 26.461748
0.307981 0.951179 -0.020150 179.698890 -0.950519 0.308537 0.036312 -416.467504 0.040757 0.007970 0.999137 26.601328
0.307896 0.951246 -0.018195 180.255857 -0.950607 0.308367 0.035438 -418.145231 0.039321 0.006385 0.999206 26.691381
0.308067 0.951199 -0.017775 180.787540 -0.950617 0.308512 0.033879 -419.768827 0.037710 0.006460 0.999268 26.771415
0.304352 0.952386 -0.018165 181.555900 -0.952001 0.304771 0.028433 -422.132007 0.032615 0.008639 0.999431 26.885357
0.301889 0.953100 -0.021545 182.055728 -0.952555 0.302481 0.033818 -423.683498 0.038749 0.010313 0.999196 26.963665
0.298726 0.954116 -0.020633 182.542660 -0.953128 0.299366 0.043894 -425.188095 0.048057 0.006554 0.998823 27.045320
0.294884 0.955359 -0.018239 183.250214 -0.954677 0.295373 0.036689 -427.432435 0.040439 0.006594 0.999160 27.164198
0.293448 0.955746 -0.020932 183.701383 -0.955160 0.294031 0.034855 -428.903430 0.039467 0.009765 0.999173 27.249826
0.292645 0.955960 -0.022334 184.156803 -0.955269 0.293316 0.037770 -430.356864 0.042658 0.010281 0.999037 27.320726
0.292279 0.956005 -0.025048 184.600056 -0.955316 0.293076 0.038448 -431.803324 0.044098 0.012691 0.998947 27.396992
0.292571 0.955906 -0.025412 185.047405 -0.955089 0.293420 0.041348 -433.241041 0.046981 0.012174 0.998822 27.474425
0.292457 0.955928 -0.025883 185.498325 -0.955178 0.293312 0.040027 -434.702200 0.045855 0.013017 0.998863 27.554601
0.294325 0.955349 -0.026105 185.953354 -0.954752 0.295141 0.036595 -436.165586 0.042666 0.014153 0.998989 27.634996
0.297341 0.954410 -0.026249 186.410168 -0.953963 0.298108 0.032950 -437.609659 0.039272 0.015243 0.999112 27.710297
0.301060 0.953308 -0.023808 186.863936 -0.952748 0.301754 0.034859 -439.002094 0.040416 0.012188 0.999109 27.783951
0.304890 0.952111 -0.022952 187.307056 -0.951525 0.305551 0.035196 -440.356952 0.040524 0.011108 0.999117 27.855377
0.307126 0.951458 -0.020035 187.748615 -0.950916 0.307652 0.033290 -441.682548 0.037837 0.008827 0.999245 27.924957
0.309572 0.950682 -0.019211 188.175083 -0.950154 0.310061 0.032698 -442.964847 0.037042 0.008130 0.999281 27.994455
0.311987 0.949875 -0.020053 188.587652 -0.949370 0.312502 0.032239 -444.204802 0.036889 0.008980 0.999279 28.058755
0.313978 0.949190 -0.021378 188.987096 -0.948718 0.314535 0.031656 -445.403040 0.036771 0.010342 0.999270 28.119888
0.316490 0.948379 -0.020291 189.380525 -0.947873 0.317011 0.032266 -446.550873 0.037033 0.009021 0.999273 28.178271
0.318126 0.947834 -0.020158 189.758964 -0.947330 0.318640 0.032172 -447.651191 0.036916 0.008862 0.999279 28.234230
0.319512 0.947420 -0.017549 190.130690 -0.946934 0.319924 0.031053 -448.721189 0.035035 0.006696 0.999364 28.287928
0.321279 0.946826 -0.017333 190.483346 -0.946388 0.321672 0.029599 -449.747002 0.033600 0.006894 0.999412 28.338614
0.322333 0.946451 -0.018251 190.819335 -0.945891 0.322782 0.033188 -450.718630 0.037302 0.006565 0.999282 28.388543
0.324796 0.945550 -0.021049 191.459637 -0.944796 0.325393 0.038455 -452.535589 0.043210 0.007397 0.999039 28.482136
0.320619 0.947045 -0.017594 192.034257 -0.946437 0.321052 0.034379 -454.191231 0.038207 0.005629 0.999254 28.574919
0.316395 0.948470 -0.017289 192.528330 -0.947960 0.316804 0.031745 -455.649223 0.035587 0.006345 0.999346 28.650038
0.312516 0.949808 -0.014105 192.962698 -0.949320 0.312811 0.030657 -456.923269 0.033530 0.003810 0.999430 28.715245
0.308969 0.950924 -0.016811 193.333884 -0.950388 0.309369 0.032468 -458.059847 0.036075 0.005946 0.999331 28.768407
0.311331 0.950204 -0.013604 193.705491 -0.949690 0.311612 0.031416 -459.142713 0.034091 0.003139 0.999414 28.817167
0.325063 0.945594 -0.013648 194.069231 -0.945073 0.325339 0.031484 -460.199349 0.034212 0.002664 0.999411 28.863606
0.377289 0.926004 -0.013009 194.627917 -0.925338 0.377511 0.035137 -461.558356 0.037448 -0.001220 0.999298 28.926486
0.448097 0.893888 -0.013208 195.219533 -0.892865 0.448226 0.043420 -462.696231 0.044733 -0.007663 0.998970 28.981189
0.509063 0.860707 -0.006167 195.878217 -0.859130 0.508541 0.057281 -463.759545 0.052439 -0.023861 0.998339 29.040959
0.467048 0.884209 -0.006340 196.549163 -0.882519 0.466577 0.058873 -464.968897 0.055015 -0.021901 0.998245 29.120150
0.367096 0.930162 -0.006228 197.026436 -0.928672 0.366874 0.054509 -466.177019 0.052987 -0.014226 0.998494 29.196834
0.291507 0.956494 -0.011923 197.430413 -0.955274 0.291738 0.048379 -467.518165 0.049753 -0.002713 0.998758 29.285477
0.274132 0.961593 -0.013819 197.703496 -0.960578 0.274478 0.044190 -468.498373 0.046286 0.001160 0.998928 29.343797
0.328883 0.944320 -0.009767 198.069944 -0.943236 0.328977 0.045602 -469.497843 0.046276 -0.005785 0.998912 29.406453
0.433192 0.901080 -0.020005 198.528642 -0.899736 0.433641 0.049298 -470.437912 0.053096 -0.003357 0.998584 29.466087
