1.000000 0.000000 -0.000000 0.000000 -0.000000 1.000000 -0.000000 -0.000000 0.000000 0.000000 1.000000 -0.000000
0.999998 -0.000087 0.002102 1.176122 0.000088 1.000000 -0.000511 0.000765 -0.002102 0.000511 0.999998 0.009533
0.999997 -0.000050 0.002331 2.512913 0.000054 0.999999 -0.001697 0.006058 -0.002331 0.001697 0.999996 0.024000
0.999998 0.000067 0.001770 5.164196 -0.000062 0.999996 -0.002977 0.010462 -0.001770 0.002977 0.999994 0.057757
0.999992 -0.000165 0.003900 7.825918 0.000183 0.999989 -0.004641 0.019574 -0.003900 0.004642 0.999982 0.086460
0.999990 0.000072 0.004538 9.150275 -0.000050 0.999989 -0.004755 0.022074 -0.004539 0.004755 0.999978 0.095206
0.999999 -0.000242 0.001064 11.812232 0.000243 1.000000 -0.000885 0.040120 -0.001064 0.000886 0.999999 0.122560
1.000000 -0.000473 0.000270 14.498866 0.000471 0.999988 0.004832 0.065760 -0.000272 -0.004832 0.999988 0.151887
0.999992 0.000050 0.003904 17.194663 -0.000063 0.999994 0.003434 0.076706 -0.003903 -0.003434 0.999986 0.181882
0.999982 0.000644 0.005956 18.542259 -0.000640 1.000000 -0.000721 0.073975 -0.005957 0.000717 0.999982 0.197687
0.999998 0.000448 0.002116 21.244109 -0.000440 0.999993 -0.003737 0.079203 -0.002118 0.003736 0.999991 0.220277
0.999996 0.001292 0.002546 23.965483 -0.001294 0.999999 0.000915 0.100205 -0.002545 -0.000918 0.999996 0.244433
0.999968 0.002625 0.007496 28.074191 -0.002593 0.999987 -0.004355 0.101115 -0.007507 0.004335 0.999962 0.282498
0.999990 0.003093 0.003127 30.839065 -0.003078 0.999983 -0.004851 0.102566 -0.003142 0.004841 0.999983 0.304705
0.999993 0.003790 0.000377 33.598947 -0.003790 0.999993 -0.000479 0.117436 -0.000379 0.000478 1.000000 0.325592
0.999991 0.004182 0.000624 34.987330 -0.004182 0.999991 0.000193 0.118716 -0.000623 -0.000196 1.000000 0.336428
0.999986 0.003621 0.003936 37.772621 -0.003625 0.999993 0.000960 0.120869 -0.003933 -0.000974 0.999992 0.366766
0.999985 0.003407 0.004232 40.565779 -0.003431 0.999977 0.005833 0.126824 -0.004212 -0.005848 0.999974 0.390535
0.999982 0.003209 0.004973 43.372887 -0.003255 0.999953 0.009163 0.141974 -0.004943 -0.009179 0.999946 0.411656
0.999987 0.002121 0.004688 46.191444 -0.002156 0.999969 0.007513 0.144916 -0.004672 -0.007523 0.999961 0.439105
0.999981 0.000571 0.006213 49.010326 -0.000617 0.999973 0.007277 0.158788 -0.006208 -0.007281 0.999954 0.460457
0.999977 -0.001203 0.006728 51.852484 0.001147 0.999965 0.008300 0.176240 -0.006738 -0.008292 0.999943 0.482184
0.999956 -0.003026 0.008898 54.702532 0.002964 0.999971 0.007023 0.196108 -0.008919 -0.006996 0.999936 0.498644
0.999951 -0.004296 0.008969 57.537422 0.004267 0.999985 0.003287 0.211441 -0.008983 -0.003248 0.999954 0.516745
0.999943 -0.003580 0.010104 60.378758 0.003569 0.999993 0.001072 0.235531 -0.010107 -0.001036 0.999948 0.532004
0.999938 -0.002824 0.010728 63.228055 0.002851 0.999993 -0.002544 0.249470 -0.010720 0.002575 0.999939 0.545027
0.999949 -0.001496 0.009991 66.073871 0.001530 0.999993 -0.003390 0.269870 -0.009986 0.003405 0.999944 0.563973
0.999936 -0.000145 0.011329 68.883230 0.000133 0.999999 0.001006 0.294350 -0.011329 -0.001004 0.999935 0.577314
0.999919 0.000265 0.012706 70.298469 -0.000322 0.999990 0.004478 0.304734 -0.012705 -0.004482 0.999909 0.583611
0.999912 0.001394 0.013206 73.098107 -0.001557 0.999922 0.012408 0.325604 -0.013187 -0.012427 0.999836 0.590071
0.999913 0.003336 0.012768 75.880969 -0.003559 0.999840 0.017509 0.351159 -0.012708 -0.017553 0.999765 0.597366
0.999903 0.003681 0.013469 78.654389 -0.003905 0.999855 0.016600 0.354996 -0.013406 -0.016651 0.999771 0.608382
0.999914 0.002973 0.012736 81.437527 -0.003171 0.999874 0.015568 0.355654 -0.012688 -0.015607 0.999798 0.618528
0.999911 0.002973 0.012993 82.800168 -0.003168 0.999882 0.015036 0.361532 -0.012947 -0.015076 0.999803 0.620908
0.999912 0.001534 0.013143 85.544943 -0.001733 0.999884 0.015138 0.367176 -0.013118 -0.015159 0.999799 0.627515
0.999885 -0.000646 0.015180 88.296071 0.000458 0.999923 0.012411 0.374921 -0.015187 -0.012402 0.999808 0.634465
0.999869 -0.002754 0.015965 91.022928 0.002616 0.999959 0.008636 0.383428 -0.015988 -0.008594 0.999835 0.637354
0.999873 -0.002920 0.015697 92.373550 0.002808 0.999970 0.007187 0.395606 -0.015718 -0.007142 0.999851 0.637801
0.999880 -0.003270 0.015123 95.095151 0.003177 0.999976 0.006158 0.419704 -0.015143 -0.006109 0.999867 0.638988
0.999894 -0.003301 0.014191 97.786674 0.003199 0.999969 0.007168 0.442342 -0.014214 -0.007122 0.999874 0.645820
0.999867 -0.002883 0.016065 100.478851 0.002740 0.999957 0.008883 0.470690 -0.016090 -0.008838 0.999831 0.648358
0.999861 -0.002705 0.016473 103.152212 0.002552 0.999954 0.009262 0.492517 -0.016497 -0.009218 0.999821 0.648213
0.999910 -0.002445 0.013178 105.805767 0.002329 0.999958 0.008826 0.512580 -0.013199 -0.008795 0.999874 0.645709
0.999862 -0.001642 0.016503 108.470954 0.001575 0.999991 0.004039 0.527527 -0.016510 -0.004012 0.999856 0.647336
0.999866 -0.000226 0.016359 111.132737 0.000197 0.999998 0.001760 0.537166 -0.016360 -0.001757 0.999865 0.648511
0.999922 0.001183 0.012440 113.767865 -0.001259 0.999980 0.006160 0.552532 -0.012433 -0.006175 0.999904 0.649935
0.999887 0.004139 0.014442 116.413923 -0.004282 0.999942 0.009913 0.569472 -0.014400 -0.009973 0.999847 0.647598
0.999830 0.005780 0.017522 119.063390 -0.005943 0.999939 0.009257 0.568092 -0.017467 -0.009360 0.999804 0.645549
0.999822 0.008325 0.016937 121.706861 -0.008511 0.999904 0.010900 0.567020 -0.016844 -0.011042 0.999797 0.634931
0.999817 0.010614 0.015917 124.369982 -0.010829 0.999850 0.013493 0.562688 -0.015772 -0.013663 0.999782 0.626090
0.999775 0.013407 0.016433 128.363480 -0.013629 0.999817 0.013426 0.538338 -0.016250 -0.013647 0.999775 0.619708
0.999733 0.014579 0.017954 131.026461 -0.014784 0.999826 0.011352 0.514047 -0.017786 -0.011615 0.999774 0.611457
0.999715 0.014279 0.019148 133.692541 -0.014433 0.999864 0.007934 0.485623 -0.019032 -0.008208 0.999785 0.602215
0.999721 0.013837 0.019163 135.020228 -0.013961 0.999882 0.006362 0.470149 -0.019072 -0.006627 0.999796 0.598411
0.999729 0.011699 0.020102 137.695766 -0.011779 0.999923 0.003857 0.446966 -0.020056 -0.004093 0.999790 0.585168
0.999745 0.009476 0.020487 140.387453 -0.009522 0.999952 0.002145 0.428514 -0.020465 -0.002339 0.999788 0.570758
0.999780 0.007121 0.019750 143.101756 -0.007153 0.999973 0.001525 0.417728 -0.019739 -0.001666 0.999804 0.551207
0.999840 0.005463 0.017051 145.780635 -0.005386 0.999975 -0.004554 0.405020 -0.017076 0.004462 0.999844 0.549440
0.999773 0.003118 0.021097 148.467582 -0.002699 0.999799 -0.019844 0.377607 -0.021154 0.019782 0.999580 0.530127
0.999825 0.001931 0.018594 149.809411 -0.001505 0.999737 -0.022895 0.369212 -0.018633 0.022863 0.999565 0.526697
0.999910 0.002988 0.013096 152.487242 -0.002736 0.999812 -0.019221 0.381085 -0.013151 0.019183 0.999729 0.517334
0.999855 0.004626 0.016403 155.159485 -0.004274 0.999761 -0.021438 0.378334 -0.016498 0.021365 0.999636 0.516971
0.999764 0.005493 0.021002 157.847486 -0.004847 0.999517 -0.030712 0.352058 -0.021161 0.030603 0.999308 0.506115
0.999740 0.006451 0.021887 160.524725 -0.005774 0.999506 -0.030893 0.342152 -0.022075 0.030758 0.999283 0.486161
0.999776 0.008291 0.019490 163.217137 -0.007817 0.999676 -0.024227 0.348590 -0.019685 0.024069 0.999516 0.464633
0.999755 0.009021 0.020226 165.940644 -0.008608 0.999755 -0.020412 0.341277 -0.020406 0.020233 0.999587 0.441380
0.999801 0.008250 0.018143 168.633501 -0.007945 0.999827 -0.016789 0.332597 -0.018279 0.016641 0.999694 0.427027
0.999869 0.007275 0.014445 171.350603 -0.007166 0.999946 -0.007586 0.334969 -0.014500 0.007481 0.999867 0.415951
0.999854 0.007263 0.015465 172.704739 -0.007206 0.999967 -0.003738 0.337501 -0.015491 0.003626 0.999873 0.408910
0.999770 0.007848 0.019978 175.417599 -0.007837 0.999969 -0.000645 0.337492 -0.019982 0.000488 0.999800 0.395162
0.999757 0.005517 0.021355 178.176818 -0.005412 0.999973 -0.004991 0.325943 -0.021382 0.004874 0.999759 0.373360
0.999905 0.001974 0.013626 180.949824 -0.001939 0.999995 -0.002572 0.329932 -0.013631 0.002545 0.999904 0.366562
0.999921 0.001298 0.012525 182.354448 -0.001315 0.999998 0.001278 0.342561 -0.012523 -0.001295 0.999921 0.358587
0.999851 0.001149 0.017198 185.155403 -0.001261 0.999978 0.006525 0.363647 -0.017190 -0.006545 0.999831 0.348836
0.999806 0.001503 0.019655 186.529989 -0.001630 0.999978 0.006465 0.368002 -0.019645 -0.006496 0.999786 0.340737
0.999773 0.001339 0.021260 189.333076 -0.001442 0.999987 0.004843 0.372797 -0.021253 -0.004873 0.999762 0.318845
0.999756 0.001487 0.022046 190.722976 -0.001538 0.999996 0.002254 0.372400 -0.022042 -0.002288 0.999754 0.310265
0.999727 0.002115 0.023271 193.512394 -0.002052 0.999994 -0.002696 0.369829 -0.023277 0.002647 0.999726 0.287374
0.999680 0.003119 0.025112 196.358202 -0.002859 0.999942 -0.010409 0.364118 -0.025143 0.010334 0.999630 0.255694
0.999861 0.003349 0.016318 199.189325 -0.003323 0.999993 -0.001595 0.378880 -0.016323 0.001540 0.999866 0.230650
0.999789 0.005282 0.019841 202.047395 -0.005554 0.999891 0.013699 0.409324 -0.019766 -0.013807 0.999709 0.199945
0.999722 0.005385 0.022954 204.913296 -0.005704 0.999888 0.013835 0.406928 -0.022877 -0.013962 0.999641 0.176730
0.999730 0.003482 0.022965 207.764676 -0.003687 0.999953 0.008918 0.394559 -0.022933 -0.009000 0.999696 0.154865
0.999739 0.002734 0.022669 210.656256 -0.002973 0.999940 0.010516 0.401543 -0.022638 -0.010581 0.999688 0.123952
0.999718 0.002231 0.023632 212.124474 -0.002498 0.999933 0.011275 0.406641 -0.023605 -0.011331 0.999657 0.106964
0.999740 0.001856 0.022731 215.018213 -0.002098 0.999942 0.010610 0.418125 -0.022710 -0.010655 0.999685 0.079803
0.999744 0.000968 0.022601 217.937840 -0.001202 0.999946 0.010349 0.422066 -0.022590 -0.010373 0.999691 0.049123
0.999750 0.000520 0.022366 220.880689 -0.000757 0.999944 0.010595 0.437448 -0.022359 -0.010610 0.999694 0.022534
0.999751 -0.000690 0.022325 223.833838 0.000435 0.999935 0.011436 0.450125 -0.022331 -0.011423 0.999685 -0.004913
0.999742 -0.001048 0.022678 226.774369 0.000794 0.999937 0.011207 0.466239 -0.022688 -0.011186 0.999680 -0.032221
0.999737 -0.000851 0.022911 229.739408 0.000629 0.999953 0.009708 0.479009 -0.022918 -0.009691 0.999690 -0.059530
0.999706 -0.000589 0.024258 232.707569 0.000403 0.999970 0.007671 0.492740 -0.024262 -0.007659 0.999676 -0.089349
0.999721 -0.000312 0.023629 235.685392 0.000093 0.999957 0.009246 0.507231 -0.023631 -0.009241 0.999678 -0.118584
0.999699 -0.000257 0.024548 237.199180 0.000002 0.999946 0.010377 0.515803 -0.024550 -0.010374 0.999645 -0.135130
0.999626 0.001014 0.027317 240.203010 -0.001287 0.999949 0.010002 0.526564 -0.027305 -0.010034 0.999577 -0.174816
0.999685 0.002264 0.024998 243.226870 -0.002536 0.999938 0.010867 0.536885 -0.024972 -0.010927 0.999628 -0.213368
0.999642 0.002156 0.026674 246.280562 -0.002462 0.999931 0.011468 0.543731 -0.026647 -0.011530 0.999578 -0.255423
0.999618 0.001519 0.027580 249.321015 -0.001847 0.999928 0.011888 0.549380 -0.027560 -0.011935 0.999549 -0.295705
0.999599 0.001721 0.028275 252.363616 -0.002134 0.999891 0.014591 0.558039 -0.028247 -0.014646 0.999494 -0.338205
0.999580 0.001573 0.028943 255.413863 -0.001962 0.999908 0.013413 0.566692 -0.028920 -0.013464 0.999491 -0.384688
0.999554 0.001529 0.029826 256.947582 -0.001890 0.999925 0.012089 0.565116 -0.029805 -0.012140 0.999482 -0.413165
0.999542 0.001643 0.030226 260.032443 -0.001888 0.999966 0.008071 0.565634 -0.030211 -0.008124 0.999511 -0.461172
0.999508 0.002010 0.031287 263.114215 -0.002170 0.999985 0.005099 0.568521 -0.031276 -0.005165 0.999497 -0.507982
0.999461 0.002917 0.032714 266.176209 -0.002971 0.999994 0.001610 0.568824 -0.032709 -0.001706 0.999463 -0.567966
0.999486 0.003932 0.031827 269.256652 -0.003996 0.999990 0.001951 0.571505 -0.031819 -0.002077 0.999491 -0.625436
0.999475 0.005569 0.031925 272.332334 -0.005724 0.999972 0.004755 0.577797 -0.031897 -0.004936 0.999479 -0.681707
0.999464 0.007202 0.031931 275.427179 -0.007407 0.999953 0.006324 0.578382 -0.031884 -0.006557 0.999470 -0.738062
0.999472 0.009005 0.031211 278.515907 -0.009209 0.999937 0.006386 0.569517 -0.031151 -0.006670 0.999492 -0.790985
0.999400 0.011088 0.032813 281.599697 -0.011260 0.999924 0.005046 0.548047 -0.032754 -0.005412 0.999449 -0.845401
0.999445 0.011798 0.031138 284.698553 -0.011893 0.999925 0.002858 0.522093 -0.031102 -0.003226 0.999511 -0.898457
0.999516 0.010202 0.029386 287.792814 -0.010286 0.999943 0.002701 0.499329 -0.029357 -0.003002 0.999564 -0.956036
0.999539 0.008615 0.029105 290.898868 -0.008663 0.999961 0.001525 0.480334 -0.029091 -0.001777 0.999575 -1.006215
0.999539 0.007531 0.029418 294.013487 -0.007583 0.999970 0.001656 0.470107 -0.029405 -0.001878 0.999566 -1.061134
0.999493 0.006435 0.031187 297.138417 -0.006473 0.999978 0.001112 0.458574 -0.031179 -0.001313 0.999513 -1.113980
0.999440 0.006423 0.032841 300.309501 -0.006507 0.999976 0.002442 0.457136 -0.032825 -0.002655 0.999458 -1.177599
0.999438 0.007260 0.032729 303.495452 -0.007341 0.999970 0.002366 0.451536 -0.032711 -0.002605 0.999461 -1.242521
0.999509 0.008345 0.030210 306.678431 -0.008318 0.999965 -0.000998 0.428112 -0.030217 0.000746 0.999543 -1.301893
0.999573 0.006078 0.028589 309.891138 -0.006061 0.999981 -0.000684 0.417196 -0.028593 0.000510 0.999591 -1.358816
0.999469 0.004026 0.032335 313.122460 -0.004078 0.999991 0.001539 0.420016 -0.032328 -0.001670 0.999476 -1.422250
0.999319 0.004819 0.036587 316.387450 -0.004791 0.999988 -0.000838 0.413196 -0.036591 0.000662 0.999330 -1.491874
0.999336 0.005208 0.036064 321.263949 -0.005112 0.999983 -0.002754 0.403690 -0.036078 0.002568 0.999346 -1.602710
0.999342 0.006679 0.035662 324.514510 -0.006632 0.999977 -0.001436 0.395435 -0.035671 0.001199 0.999363 -1.670460
0.999287 0.008239 0.036857 327.766248 -0.008180 0.999965 -0.001743 0.386118 -0.036870 0.001440 0.999319 -1.738131
0.999267 0.008409 0.037347 332.631764 -0.008314 0.999962 -0.002693 0.362780 -0.037368 0.002380 0.999299 -1.838217
0.999426 0.007565 0.033027 335.855217 -0.007607 0.999970 0.001149 0.359541 -0.033017 -0.001399 0.999454 -1.910806
0.999310 0.005450 0.036746 339.081872 -0.005559 0.999980 0.002881 0.353931 -0.036729 -0.003083 0.999320 -1.974512
0.999243 0.002898 0.038802 342.306504 -0.003075 0.999985 0.004505 0.354111 -0.038788 -0.004621 0.999237 -2.055174
0.999210 -0.001304 0.039716 347.106696 0.001260 0.999999 0.001120 0.361112 -0.039717 -0.001069 0.999210 -2.162497
0.999256 -0.001845 0.038532 350.292175 0.001826 0.999998 0.000517 0.376620 -0.038533 -0.000446 0.999257 -2.238234
0.999257 -0.001695 0.038517 353.475127 0.001708 0.999998 -0.000310 0.396130 -0.038516 0.000376 0.999258 -2.317369
0.999274 -0.001520 0.038077 358.234278 0.001583 0.999997 -0.001644 0.419129 -0.038074 0.001703 0.999273 -2.423823
0.999322 -0.001388 0.036779 361.418761 0.001481 0.999996 -0.002518 0.436453 -0.036776 0.002571 0.999320 -2.498282
0.999249 -0.000985 0.038745 366.185866 0.001235 0.999979 -0.006427 0.449936 -0.038738 0.006470 0.999228 -2.614338
0.999237 -0.000483 0.039064 369.401062 0.000621 0.999994 -0.003519 0.474229 -0.039062 0.003540 0.999231 -2.699048
0.999221 0.000676 0.039446 374.223218 -0.000599 0.999998 -0.001950 0.496814 -0.039447 0.001925 0.999220 -2.822508
0.999223 0.001219 0.039402 377.439740 -0.001173 0.999999 -0.001190 0.509666 -0.039403 0.001142 0.999223 -2.908341
0.999203 0.002189 0.039868 382.299199 -0.002280 0.999995 0.002227 0.527785 -0.039863 -0.002316 0.999202 -3.036511
0.999203 0.002909 0.039808 385.522715 -0.003079 0.999986 0.004196 0.537818 -0.039795 -0.004316 0.999199 -3.117440
