1.000000 0.000000 -0.000000 -0.000000 -0.000000 1.000000 0.000000 -0.000000 0.000000 -0.000000 1.000000 0.000000
0.999995 -0.002675 -0.001810 1.124555 0.002671 0.999994 -0.002106 0.004833 0.001816 0.002101 0.999996 0.025107
0.999946 -0.008155 -0.006507 2.793182 0.008111 0.999945 -0.006698 0.013778 0.006561 0.006645 0.999956 0.056280
0.999918 -0.010966 -0.006676 3.939463 0.010912 0.999907 -0.008195 0.025576 0.006765 0.008122 0.999944 0.074938
0.999868 -0.013294 -0.009368 5.112851 0.013220 0.999882 -0.007884 0.045523 0.009472 0.007759 0.999925 0.101659
0.999715 -0.016976 -0.016796 6.943389 0.016927 0.999852 -0.003060 0.094755 0.016846 0.002775 0.999854 0.138361
0.999776 -0.020035 0.006764 8.917938 0.020030 0.999799 0.000732 0.148812 -0.006778 -0.000596 0.999977 0.168032
0.999713 -0.022998 -0.006650 10.994555 0.023034 0.999720 0.005365 0.216285 0.006525 -0.005517 0.999963 0.181403
0.999625 -0.024851 0.011530 13.261438 0.024836 0.999691 0.001383 0.271739 -0.011561 -0.001096 0.999933 0.191087
0.999619 -0.025108 0.011489 15.672486 0.025126 0.999683 -0.001455 0.340311 -0.011449 0.001743 0.999933 0.190360
0.999720 -0.023496 0.002774 17.356515 0.023501 0.999722 -0.001878 0.388013 -0.002729 0.001943 0.999994 0.178273
0.999730 -0.021642 -0.008423 19.109808 0.021611 0.999760 -0.003692 0.430891 0.008501 0.003509 0.999958 0.195988
0.999715 -0.022135 -0.008976 20.930230 0.022114 0.999753 -0.002417 0.480242 0.009027 0.002218 0.999957 0.214278
0.999689 -0.021869 -0.012023 22.810294 0.021892 0.999759 0.001763 0.535667 0.011982 -0.002026 0.999926 0.250221
0.999674 -0.022139 -0.012697 24.744797 0.022233 0.999727 0.007237 0.594015 0.012533 -0.007517 0.999893 0.288121
0.999672 -0.022404 -0.012396 26.707350 0.022508 0.999712 0.008324 0.647091 0.012206 -0.008601 0.999889 0.332210
0.999693 -0.023404 -0.008082 29.723793 0.023485 0.999674 0.010042 0.735969 0.007844 -0.010229 0.999917 0.392136
0.999692 -0.023226 -0.008697 30.753743 0.023312 0.999679 0.009904 0.762453 0.008465 -0.010103 0.999913 0.416869
0.999673 -0.023727 -0.009520 31.774892 0.023835 0.999650 0.011439 0.793713 0.009245 -0.011662 0.999889 0.433932
0.999681 -0.024544 -0.006018 33.867001 0.024605 0.999644 0.010304 0.850811 0.005763 -0.010449 0.999929 0.473292
0.999674 -0.025420 -0.002450 34.920685 0.025444 0.999622 0.010452 0.880577 0.002183 -0.010511 0.999942 0.488053
0.999671 -0.025645 0.000104 35.987194 0.025642 0.999619 0.010200 0.913903 -0.000366 -0.010194 0.999948 0.504359
0.999645 -0.026637 -0.000385 38.120982 0.026640 0.999591 0.010370 0.975587 0.000108 -0.010376 0.999946 0.530276
0.999621 -0.027538 -0.000680 39.190516 0.027544 0.999558 0.011148 1.012025 0.000373 -0.011162 0.999938 0.542033
0.999580 -0.028857 0.002508 41.359459 0.028829 0.999528 0.010659 1.083069 -0.002814 -0.010582 0.999940 0.569538
0.999540 -0.029907 0.005004 42.432534 0.029853 0.999499 0.010497 1.120713 -0.005316 -0.010343 0.999932 0.581053
0.999533 -0.030088 0.005322 43.517538 0.030027 0.999487 0.011130 1.158179 -0.005654 -0.010965 0.999924 0.592414
0.999542 -0.030176 -0.002154 45.655596 0.030206 0.999425 0.015420 1.242225 0.001688 -0.015478 0.999879 0.622550
0.999530 -0.030539 -0.002604 46.725377 0.030578 0.999395 0.016583 1.280390 0.002096 -0.016655 0.999859 0.634155
0.999548 -0.029982 0.002050 48.900017 0.029944 0.999418 0.016318 1.357172 -0.002538 -0.016249 0.999865 0.661258
0.999535 -0.030293 0.003541 49.974242 0.030240 0.999440 0.014299 1.396610 -0.003972 -0.014185 0.999891 0.673713
0.999566 -0.029428 0.001632 52.124851 0.029402 0.999467 0.014198 1.467956 -0.002049 -0.014144 0.999898 0.700784
0.999575 -0.029146 -0.000723 53.201261 0.029153 0.999462 0.015046 1.504711 0.000284 -0.015060 0.999887 0.708826
0.999571 -0.028701 -0.005914 55.351631 0.028773 0.999507 0.012561 1.574423 0.005550 -0.012725 0.999904 0.749046
0.999579 -0.028069 -0.007406 56.434445 0.028154 0.999536 0.011622 1.608195 0.007077 -0.011826 0.999905 0.772590
0.999617 -0.027679 0.000372 58.605205 0.027675 0.999583 0.008222 1.671928 -0.000600 -0.008209 0.999966 0.808438
0.999587 -0.028014 0.006395 59.690854 0.027973 0.999588 0.006411 1.701963 -0.006572 -0.006230 0.999959 0.819988
0.999619 -0.027110 0.005101 61.861849 0.027098 0.999630 0.002431 1.764961 -0.005165 -0.002292 0.999984 0.841704
0.999627 -0.027235 0.001932 62.939048 0.027233 0.999629 0.000739 1.795943 -0.001951 -0.000686 0.999998 0.850997
0.999615 -0.027173 -0.005665 65.101459 0.027191 0.999625 0.003149 1.864986 0.005578 -0.003301 0.999979 0.883408
0.999623 -0.026625 -0.006670 66.188104 0.026665 0.999626 0.006103 1.902989 0.006505 -0.006278 0.999959 0.902186
0.999671 -0.025627 -0.001005 68.371443 0.025636 0.999615 0.010618 1.979557 0.000732 -0.010640 0.999943 0.936259
0.999672 -0.025597 0.000825 70.551378 0.025588 0.999630 0.009234 2.044256 -0.001061 -0.009210 0.999957 0.967395
0.999647 -0.026200 0.004480 72.730345 0.026169 0.999635 0.006727 2.105551 -0.004654 -0.006607 0.999967 0.994089
0.999620 -0.026805 0.006452 73.820221 0.026770 0.999626 0.005529 2.137149 -0.006598 -0.005354 0.999964 1.005428
0.999608 -0.027914 0.001990 75.982296 0.027903 0.999596 0.005465 2.207218 -0.002142 -0.005407 0.999983 1.033214
0.999570 -0.029261 0.001736 78.128251 0.029247 0.999543 0.007593 2.280955 -0.001958 -0.007539 0.999970 1.058249
0.999505 -0.029885 0.009782 80.289428 0.029792 0.999511 0.009445 2.356851 -0.010060 -0.009149 0.999908 1.077124
0.999465 -0.030888 0.010782 81.353997 0.030778 0.999474 0.010232 2.394351 -0.011092 -0.009895 0.999890 1.087080
0.999453 -0.032021 0.008240 83.461493 0.031932 0.999433 0.010665 2.471796 -0.008577 -0.010396 0.999909 1.102735
0.999413 -0.033125 0.008686 85.534724 0.033045 0.999411 0.009211 2.547181 -0.008986 -0.008918 0.999920 1.122284
0.999335 -0.034078 0.012984 87.547256 0.033979 0.999393 0.007717 2.624403 -0.013239 -0.007270 0.999886 1.137208
0.999079 -0.040527 0.014115 90.403347 0.040458 0.999168 0.005101 2.741231 -0.014310 -0.004525 0.999887 1.162875
0.998820 -0.046627 0.013574 92.203012 0.046564 0.998903 0.004925 2.829420 -0.013788 -0.004287 0.999896 1.176475
0.998486 -0.052727 0.015659 93.899526 0.052624 0.998590 0.006917 2.928646 -0.016001 -0.006083 0.999853 1.185285
0.998130 -0.058400 0.018081 95.502954 0.058242 0.998261 0.009135 3.031622 -0.018583 -0.008065 0.999795 1.193035
0.997704 -0.066261 0.013995 97.684733 0.066066 0.997718 0.013936 3.192762 -0.014886 -0.012979 0.999805 1.207725
0.997467 -0.070738 0.007445 98.985425 0.070592 0.997337 0.018308 3.303160 -0.008720 -0.017736 0.999805 1.218248
0.997431 -0.071317 0.006744 100.175901 0.071150 0.997213 0.022433 3.403635 -0.008325 -0.021895 0.999726 1.234493
0.997945 -0.063362 0.009567 101.283148 0.063070 0.997609 0.028272 3.488997 -0.011336 -0.027610 0.999554 1.246259
0.999626 -0.021480 0.016937 103.213116 0.021004 0.999392 0.027821 3.564762 -0.017524 -0.027454 0.999469 1.263689
0.998324 0.057448 0.006946 104.885004 -0.057601 0.998046 0.024233 3.498579 -0.005540 -0.024593 0.999682 1.280272
0.983196 0.182546 0.001382 106.415554 -0.182546 0.983083 0.014973 3.231047 0.001374 -0.014974 0.999887 1.297521
0.938289 0.345852 0.000491 107.800806 -0.345833 0.938220 0.011910 2.743587 0.003658 -0.011345 0.999929 1.326653
0.852852 0.522151 0.001516 109.014383 -0.522138 0.852803 0.009916 2.024166 0.003885 -0.009248 0.999950 1.355975
0.724998 0.688750 -0.000578 110.045133 -0.688506 0.724762 0.026066 1.102412 0.018372 -0.018500 0.999660 1.376044
0.507901 0.861399 0.005357 111.046047 -0.861342 0.507767 0.016178 -0.442107 0.011216 -0.012831 0.999855 1.415540
0.304614 0.952363 0.014663 111.579725 -0.952365 0.304308 0.019946 -1.936633 0.014534 -0.020041 0.999694 1.461031
0.149390 0.988776 -0.002060 111.840411 -0.988558 0.149401 0.020820 -3.628975 0.020894 -0.001074 0.999781 1.506469
0.050096 0.998700 0.009463 111.988279 -0.998708 0.050010 0.009041 -5.592119 0.008556 -0.009904 0.999914 1.540031
0.011672 0.999929 -0.002243 111.980997 -0.999872 0.011696 0.010942 -6.686623 0.010968 0.002115 0.999938 1.573041
-0.013966 0.999902 0.000907 111.972760 -0.999685 -0.013982 0.020841 -7.851777 0.020852 -0.000616 0.999782 1.578558
-0.023050 0.999710 -0.006992 111.929125 -0.999586 -0.022925 0.017391 -9.101303 0.017226 0.007390 0.999824 1.611449
-0.021120 0.999745 -0.007957 111.912267 -0.999667 -0.020999 0.015012 -10.425609 0.014841 0.008272 0.999856 1.645902
-0.018526 0.999822 -0.003481 111.902225 -0.999695 -0.018466 0.016427 -11.814086 0.016360 0.003784 0.999859 1.668073
-0.016895 0.999853 -0.002861 111.887288 -0.999719 -0.016845 0.016677 -13.284327 0.016626 0.003142 0.999857 1.703306
-0.016159 0.999865 -0.002811 111.860737 -0.999801 -0.016125 0.011746 -15.588259 0.011699 0.003000 0.999927 1.759351
-0.018365 0.999831 0.000960 111.847285 -0.999788 -0.018373 0.009260 -17.176697 0.009276 -0.000790 0.999957 1.781699
-0.020402 0.999789 -0.002481 111.809611 -0.999782 -0.020391 0.004521 -18.798197 0.004469 0.002573 0.999987 1.820067
-0.024192 0.999705 0.002282 111.778288 -0.999630 -0.024219 0.012343 -21.262502 0.012394 -0.001982 0.999921 1.860980
-0.026368 0.999639 0.005141 111.746599 -0.999581 -0.026427 0.011782 -22.949146 0.011914 -0.004829 0.999917 1.898920
-0.027638 0.999577 0.009026 111.715965 -0.999614 -0.027664 0.002726 -24.657587 0.002975 -0.008947 0.999956 1.933373
-0.027224 0.999520 0.014757 111.685345 -0.999622 -0.027164 -0.004227 -26.363376 -0.003824 -0.014867 0.999882 1.950476
-0.025841 0.999614 0.010189 111.644596 -0.999586 -0.025967 0.012409 -28.013069 0.012669 -0.009865 0.999871 1.992500
-0.024307 0.999677 0.007452 111.610929 -0.999623 -0.024399 0.012610 -29.680710 0.012788 -0.007143 0.999893 2.026577
-0.023156 0.999729 0.002179 111.574758 -0.999730 -0.023161 0.001866 -31.348954 0.001916 -0.002136 0.999996 2.067974
-0.024402 0.999682 0.006346 111.551583 -0.999698 -0.024419 0.002736 -32.983495 0.002890 -0.006277 0.999976 2.098451
-0.028358 0.999558 0.008893 111.518836 -0.999594 -0.028383 0.002651 -34.610891 0.002903 -0.008814 0.999957 2.129082
-0.032430 0.999410 0.011344 111.479272 -0.999468 -0.032466 0.002999 -36.217257 0.003365 -0.011241 0.999931 2.158680
-0.036559 0.999249 0.012819 111.434625 -0.999331 -0.036573 0.000806 -37.811769 0.001274 -0.012781 0.999918 2.192360
-0.040401 0.999102 0.012778 111.382836 -0.999181 -0.040424 0.001578 -39.380477 0.002093 -0.012703 0.999917 2.220800
-0.042735 0.999026 0.010952 111.321224 -0.999086 -0.042743 0.000511 -40.931283 0.000979 -0.010920 0.999940 2.250606
-0.045782 0.998888 0.011242 111.262145 -0.998951 -0.045776 -0.000832 -42.459965 -0.000316 -0.011269 0.999936 2.278194
-0.047808 0.998764 0.013578 111.205726 -0.998854 -0.047771 -0.003059 -43.940590 -0.002406 -0.013709 0.999903 2.301486
-0.048907 0.998709 0.013740 111.145674 -0.998803 -0.048894 -0.001259 -45.364194 -0.000585 -0.013786 0.999905 2.326092
-0.048950 0.998678 0.015659 111.090585 -0.998794 -0.049002 0.002958 -46.763501 0.003721 -0.015495 0.999873 2.353223
-0.049121 0.998693 0.014090 111.027581 -0.998784 -0.049174 0.003468 -48.149434 0.004156 -0.013903 0.999895 2.379194
-0.049486 0.998592 0.019111 110.946429 -0.998766 -0.049556 0.003178 -50.201616 0.004120 -0.018930 0.999812 2.420271
-0.054062 0.998298 0.021893 110.859126 -0.998537 -0.054081 0.000253 -52.225151 0.001436 -0.021848 0.999760 2.459835
-0.065122 0.997627 0.022355 110.786627 -0.997867 -0.065209 0.003185 -53.564093 0.004636 -0.022100 0.999745 2.484881
-0.078837 0.996643 0.022089 110.684431 -0.996849 -0.079010 0.007043 -54.905049 0.008765 -0.021464 0.999731 2.509963
-0.090272 0.995595 0.025330 110.577378 -0.995887 -0.090437 0.005436 -56.273517 0.007703 -0.024735 0.999664 2.533004
-0.098861 0.994652 0.029908 110.458498 -0.995071 -0.099050 0.004887 -57.656812 0.007823 -0.029278 0.999541 2.557577
-0.103457 0.994269 0.026929 110.318680 -0.994632 -0.103469 -0.000934 -59.068225 0.001858 -0.026881 0.999637 2.579004
-0.107063 0.993904 0.026305 110.102499 -0.994251 -0.107071 -0.001094 -61.230954 0.001730 -0.026271 0.999653 2.607043
-0.107998 0.994034 0.015254 109.928536 -0.994115 -0.108113 0.006925 -62.703494 0.008532 -0.014417 0.999860 2.635726
-0.109162 0.993897 0.015882 109.775604 -0.993992 -0.109272 0.006207 -64.195164 0.007905 -0.015109 0.999855 2.657600
-0.109222 0.993951 0.011443 109.610919 -0.994017 -0.109227 -0.000195 -65.698331 0.001056 -0.011396 0.999935 2.680886
-0.111640 0.993673 0.012290 109.457789 -0.993748 -0.111649 0.000063 -67.186772 0.001435 -0.012206 0.999924 2.704188
-0.115886 0.993186 0.012338 109.296803 -0.993260 -0.115902 0.000559 -68.667195 0.001986 -0.012190 0.999924 2.729158
-0.119589 0.992747 0.012353 109.127181 -0.992822 -0.119602 0.000239 -70.149970 0.001715 -0.012235 0.999924 2.755211
-0.122410 0.992371 0.014660 108.952960 -0.992474 -0.122445 0.001484 -71.659098 0.003268 -0.014368 0.999891 2.782733
-0.124641 0.992085 0.015234 108.777459 -0.992195 -0.124684 0.001890 -73.185506 0.003775 -0.014880 0.999882 2.805939
-0.126895 0.991783 0.016249 108.590943 -0.991916 -0.126887 -0.001554 -74.735850 0.000521 -0.016314 0.999867 2.826832
-0.132641 0.991016 0.017117 108.297746 -0.991163 -0.132591 -0.004026 -77.095237 -0.001720 -0.017500 0.999845 2.851833
-0.136167 0.990534 0.017338 108.085237 -0.990682 -0.136196 0.000502 -78.688069 0.002859 -0.017109 0.999850 2.866197
-0.137724 0.990348 0.015591 107.862568 -0.990425 -0.137851 0.007393 -80.301490 0.009471 -0.014423 0.999851 2.898695
-0.137409 0.990462 0.010152 107.632247 -0.990473 -0.137490 0.007789 -81.941019 0.009111 -0.008985 0.999918 2.932168
-0.136449 0.990602 0.009422 107.407168 -0.990630 -0.136496 0.004546 -83.615098 0.005789 -0.008714 0.999945 2.957291
-0.133250 0.991045 0.008661 107.186399 -0.991082 -0.133248 -0.000851 -85.300090 0.000310 -0.008697 0.999962 2.979303
-0.128217 0.991707 0.008841 106.862624 -0.991746 -0.128214 -0.000953 -87.842595 0.000188 -0.008890 0.999960 3.015290
-0.125024 0.992069 0.013004 106.658755 -0.992114 -0.125125 0.007257 -89.535952 0.008826 -0.011994 0.999889 3.048802
-0.122292 0.992426 0.011597 106.455055 -0.992483 -0.122338 0.003335 -91.265467 0.004729 -0.011102 0.999927 3.074812
-0.120303 0.992659 0.012449 106.154261 -0.992735 -0.120322 0.000768 -93.854809 0.002260 -0.012266 0.999922 3.122758
-0.118823 0.992888 0.007366 105.950115 -0.992915 -0.118815 -0.001432 -95.589812 -0.000547 -0.007485 0.999972 3.145962
-0.117629 0.993041 0.005685 105.753327 -0.993055 -0.117639 0.001441 -97.307246 0.002099 -0.005477 0.999983 3.172457
-0.115893 0.993193 0.011647 105.573446 -0.993262 -0.115890 -0.000912 -99.026066 0.000444 -0.011674 0.999932 3.198299
-0.116888 0.992951 0.019617 105.401824 -0.993145 -0.116853 -0.002898 -100.720476 -0.000585 -0.019821 0.999803 3.224965
-0.118978 0.992591 0.024627 105.222868 -0.992879 -0.119090 0.003108 -102.393571 0.006017 -0.024082 0.999692 3.256494
-0.120398 0.992490 0.021616 104.935325 -0.992706 -0.120505 0.003717 -104.869610 0.006294 -0.021011 0.999759 3.308536
-0.121789 0.992327 0.021319 104.745781 -0.992507 -0.121968 0.007312 -106.495628 0.009856 -0.020269 0.999746 3.350912
-0.125112 0.991841 0.024485 104.559582 -0.992097 -0.125304 0.006475 -108.105633 0.009490 -0.023481 0.999679 3.389346
-0.131697 0.990952 0.025896 104.367314 -0.991208 -0.131978 0.009429 -109.681700 0.012762 -0.024426 0.999620 3.434749
-0.140742 0.989697 0.026311 104.055467 -0.989958 -0.141035 0.009623 -112.020187 0.013235 -0.024692 0.999607 3.499362
-0.145248 0.988937 0.030098 103.842525 -0.989223 -0.145723 0.014225 -113.560945 0.018454 -0.027708 0.999446 3.546382
-0.152828 0.987855 0.028049 103.508776 -0.987940 -0.153433 0.020829 -115.846887 0.024880 -0.024527 0.999390 3.631055
-0.158237 0.986984 0.028708 103.276650 -0.987257 -0.158643 0.012467 -117.377524 0.016859 -0.026369 0.999510 3.678931
-0.162586 0.986136 0.033182 103.042950 -0.986447 -0.163206 0.016898 -118.870383 0.022080 -0.029985 0.999306 3.735205
-0.169107 0.985088 0.031706 102.678107 -0.985052 -0.169996 0.027807 -121.090172 0.032782 -0.026530 0.999110 3.826064
-0.174398 0.984165 0.031698 102.431283 -0.984126 -0.175285 0.027778 -122.567031 0.032894 -0.026351 0.999111 3.885441
-0.190277 0.981384 0.026080 102.026661 -0.981387 -0.190846 0.021387 -124.749649 0.025966 -0.021525 0.999431 3.985357
-0.209111 0.977490 0.028049 101.739456 -0.977527 -0.209731 0.021310 -126.189134 0.026713 -0.022962 0.999379 4.044685
-0.233022 0.972059 0.028330 101.412639 -0.972061 -0.233671 0.022243 -127.611207 0.028241 -0.022356 0.999351 4.106027
-0.256130 0.966357 0.023497 101.044735 -0.966253 -0.256641 0.022140 -129.012430 0.027426 -0.017033 0.999479 4.164751
-0.275701 0.961130 0.014731 100.641672 -0.960899 -0.275980 0.022547 -130.396801 0.025736 -0.007938 0.999637 4.222654
-0.294720 0.955564 0.006101 100.011006 -0.955346 -0.294783 0.020437 -132.457060 0.021327 0.000194 0.999773 4.306357
-0.299227 0.954106 -0.012032 99.357559 -0.954103 -0.299016 0.016653 -134.487716 0.012291 0.016463 0.999789 4.364998
-0.297513 0.954639 -0.012271 98.740378 -0.954548 -0.297193 0.022698 -136.464377 0.018022 0.018466 0.999667 4.437691
-0.294136 0.955605 -0.017401 98.335765 -0.955667 -0.293798 0.019593 -137.768784 0.013610 0.022393 0.999657 4.476164
-0.286425 0.957893 -0.020062 97.760682 -0.957969 -0.285972 0.022701 -139.692295 0.016008 0.025721 0.999541 4.542047
-0.270896 0.962295 -0.024560 97.224884 -0.962536 -0.270475 0.019176 -141.576553 0.011810 0.028834 0.999514 4.599828
-0.263116 0.964398 -0.026563 96.888850 -0.964719 -0.262736 0.016960 -142.819561 0.009377 0.030088 0.999503 4.638299
-0.255514 0.966256 -0.032578 96.557879 -0.966792 -0.255192 0.013777 -144.032131 0.004998 0.035017 0.999374 4.669341
-0.244022 0.969338 -0.028944 96.121052 -0.969735 -0.243650 0.015793 -145.810642 0.008257 0.031922 0.999456 4.712777
-0.232085 0.972265 -0.028930 95.842051 -0.972615 -0.231581 0.019741 -146.969786 0.012494 0.032719 0.999386 4.742930
-0.212708 0.976746 -0.026884 95.600046 -0.977060 -0.212321 0.016528 -148.134382 0.010436 0.029783 0.999502 4.772854
-0.171864 0.984714 -0.028308 95.286300 -0.985084 -0.171539 0.013547 -149.846006 0.008484 0.030214 0.999507 4.820280
-0.132411 0.990801 -0.027928 95.140706 -0.991162 -0.132123 0.011910 -150.975754 0.008111 0.029259 0.999539 4.849847
-0.066142 0.997693 -0.015273 95.035936 -0.997727 -0.065931 0.013927 -152.669111 0.012888 0.016160 0.999786 4.893666
-0.020560 0.999782 0.003690 95.035457 -0.999707 -0.020605 0.012723 -154.354005 0.012796 -0.003427 0.999912 4.936007
-0.022676 0.999596 0.017111 95.042381 -0.999713 -0.022804 0.007311 -155.471105 0.007698 -0.016940 0.999827 4.963001
-0.061820 0.997912 0.018727 94.971487 -0.998086 -0.061838 0.000395 -157.107605 0.001552 -0.018667 0.999825 5.002705
-0.087646 0.995945 0.020303 94.887557 -0.996152 -0.087639 -0.001271 -158.174979 0.000514 -0.020336 0.999793 5.025197
-0.136976 0.990310 0.022898 94.696842 -0.990573 -0.136905 -0.004658 -159.742844 -0.001478 -0.023320 0.999727 5.047793
-0.165700 0.985959 0.020708 94.529924 -0.986165 -0.165564 -0.008162 -160.756199 -0.004618 -0.021774 0.999752 5.062519
-0.191140 0.981320 0.021810 94.341602 -0.981547 -0.190965 -0.009872 -161.756939 -0.005523 -0.023294 0.999713 5.071896
-0.219756 0.975426 0.015866 94.010262 -0.975551 -0.219681 -0.006367 -163.221953 -0.002725 -0.016877 0.999854 5.094194
-0.230300 0.972995 0.015588 93.679121 -0.973109 -0.230192 -0.008458 -164.670068 -0.004641 -0.017117 0.999843 5.108398
-0.234790 0.971957 0.013148 93.343498 -0.972035 -0.234700 -0.008021 -166.077027 -0.004710 -0.014663 0.999881 5.125483
-0.246580 0.968987 0.016180 92.993917 -0.969121 -0.246513 -0.006007 -167.496771 -0.001833 -0.017162 0.999851 5.138320
-0.262888 0.964746 0.012494 92.587514 -0.964824 -0.262837 -0.005604 -168.993114 -0.002123 -0.013528 0.999906 5.153797
-0.279610 0.960033 0.012489 92.147228 -0.960113 -0.279605 -0.002128 -170.557128 0.001450 -0.012586 0.999920 5.164173
-0.293532 0.955916 0.007929 91.651559 -0.955949 -0.293528 -0.001725 -172.168937 0.000678 -0.008086 0.999967 5.181454
-0.300196 0.953862 0.005411 91.311090 -0.953866 -0.300159 -0.006721 -173.266002 -0.004787 -0.007179 0.999963 5.189163
-0.306091 0.952001 -0.001718 90.777951 -0.951940 -0.306091 -0.010909 -174.930153 -0.010911 -0.001704 0.999939 5.202486
-0.305703 0.952124 -0.002238 90.430751 -0.952086 -0.305711 -0.008600 -176.028167 -0.008873 -0.000498 0.999961 5.209846
-0.302520 0.953139 -0.002856 90.088734 -0.953103 -0.302534 -0.008293 -177.120556 -0.008768 0.000214 0.999962 5.217770
-0.294740 0.955568 -0.004150 89.597267 -0.955548 -0.294763 -0.006568 -178.734456 -0.007500 0.002029 0.999970 5.232284
-0.287740 0.957697 -0.004677 89.294569 -0.957693 -0.287760 -0.004348 -179.774703 -0.005510 0.003228 0.999980 5.240476
-0.275297 0.961344 -0.005447 88.881304 -0.961316 -0.275334 -0.007906 -181.254161 -0.009100 0.003060 0.999954 5.251521
-0.243000 0.969964 -0.011012 88.432428 -0.969828 -0.243165 -0.017475 -182.998859 -0.019628 0.006434 0.999787 5.268982
-0.173558 0.984787 -0.008449 88.144301 -0.984768 -0.173633 -0.009180 -184.590694 -0.010507 0.006727 0.999922 5.274850
-0.057524 0.998342 0.002088 88.063013 -0.998246 -0.057489 -0.014164 -186.156523 -0.014020 -0.002899 0.999898 5.276861
0.067016 0.997658 0.013722 88.180162 -0.997375 0.067362 -0.026548 -187.664006 -0.027410 -0.011906 0.999553 5.279701
0.206604 0.978308 0.015082 88.489578 -0.978034 0.206932 -0.025069 -189.139833 -0.027646 -0.009571 0.999572 5.258220
0.371282 0.928282 0.021032 89.076966 -0.928339 0.371562 -0.011331 -190.596317 -0.018333 -0.015318 0.999715 5.233698
0.543255 0.839546 0.006012 89.954308 -0.839538 0.543282 -0.004553 -192.042087 -0.007088 -0.002574 0.999972 5.231509
0.696907 0.717022 0.014134 91.301674 -0.717064 0.697002 -0.002815 -193.491490 -0.011869 -0.008173 0.999896 5.213250
0.761049 0.648586 0.011842 92.124684 -0.648601 0.761123 -0.003036 -194.182028 -0.010983 -0.005370 0.999925 5.210767
0.813266 0.581793 0.010735 93.052805 -0.581780 0.813333 -0.004612 -194.843363 -0.011414 -0.002495 0.999932 5.206410
0.852914 0.521896 0.012746 94.097846 -0.521884 0.853005 -0.004474 -195.476312 -0.013207 -0.002836 0.999909 5.196307
0.881050 0.472705 0.017354 95.238634 -0.472651 0.881219 -0.007347 -196.085219 -0.018766 -0.001730 0.999822 5.184176
0.900091 0.435265 0.019491 96.477191 -0.435102 0.900299 -0.012168 -196.684236 -0.022844 0.002471 0.999736 5.165811
0.915309 0.402391 0.017064 97.792145 -0.402064 0.915400 -0.019680 -197.278589 -0.023539 0.011153 0.999661 5.146276
0.929156 0.369375 0.015190 99.185958 -0.369004 0.929153 -0.022589 -197.837535 -0.022457 0.015384 0.999629 5.124866
0.940218 0.340226 0.015369 100.659671 -0.339871 0.940220 -0.021763 -198.367796 -0.021854 0.015238 0.999645 5.102972
0.944834 0.326969 0.019482 102.200832 -0.326666 0.944984 -0.017179 -198.884011 -0.024027 0.009868 0.999663 5.082092
0.945511 0.324927 0.020747 103.786366 -0.324618 0.945693 -0.016973 -199.417579 -0.025135 0.009313 0.999641 5.056354
0.945640 0.324717 0.017975 105.414776 -0.324343 0.945708 -0.020901 -199.976009 -0.023786 0.013935 0.999620 5.033187
0.945078 0.326318 0.018557 107.943872 -0.325903 0.945142 -0.022229 -200.836609 -0.024793 0.014960 0.999581 4.994220
0.944440 0.327967 0.021700 109.666700 -0.327411 0.944534 -0.025627 -201.431210 -0.028901 0.017099 0.999436 4.968778
0.944152 0.328859 0.020718 111.392835 -0.328281 0.944194 -0.027015 -202.027928 -0.028446 0.018705 0.999420 4.944293
0.943742 0.329860 0.023307 113.130968 -0.329061 0.943751 -0.032458 -202.634019 -0.032703 0.022963 0.999201 4.912284
0.943676 0.329963 0.024485 114.863955 -0.329021 0.943642 -0.035850 -203.238610 -0.034934 0.025775 0.999057 4.879349
0.943990 0.329244 0.021929 116.598633 -0.328320 0.943828 -0.037338 -203.840871 -0.032991 0.028047 0.999062 4.849411
0.944691 0.327347 0.020078 118.323648 -0.326469 0.944461 -0.037557 -204.431844 -0.031257 0.028925 0.999093 4.820481
0.945688 0.324331 0.021985 120.943835 -0.323412 0.945528 -0.037177 -205.317917 -0.032845 0.028048 0.999067 4.773706
0.947073 0.320248 0.022218 123.559996 -0.319350 0.946939 -0.036353 -206.188332 -0.032682 0.027334 0.999092 4.727814
0.948609 0.315494 0.024574 126.159450 -0.314431 0.948469 -0.039237 -207.051520 -0.035686 0.029494 0.998928 4.681488
0.949785 0.311937 0.024564 127.876447 -0.310807 0.949583 -0.041137 -207.611975 -0.036158 0.031437 0.998852 4.650521
0.950889 0.308614 0.023829 129.576611 -0.307503 0.950652 -0.041265 -208.158734 -0.035389 0.031911 0.998864 4.619800
0.952247 0.303997 0.028481 131.237983 -0.302644 0.952102 -0.043698 -208.684653 -0.040401 0.032991 0.998639 4.586483
0.953682 0.299349 0.029670 132.848145 -0.297895 0.953529 -0.045178 -209.188078 -0.041815 0.034247 0.998538 4.554463
0.955280 0.294832 0.022675 134.394014 -0.293752 0.954977 -0.041575 -209.656390 -0.033912 0.033055 0.998878 4.520945
0.956803 0.289793 0.023414 135.878938 -0.288723 0.956551 -0.040609 -210.096662 -0.034165 0.032095 0.998901 4.495598
0.958805 0.282576 0.029056 137.299254 -0.281232 0.958673 -0.043077 -210.511737 -0.040028 0.033131 0.998649 4.475462
0.962130 0.270799 0.031216 139.264276 -0.269466 0.962132 -0.041106 -211.056896 -0.041165 0.031138 0.998667 4.445519
0.963588 0.265904 0.028167 140.445351 -0.264833 0.963595 -0.036704 -211.368969 -0.036901 0.027908 0.998929 4.418385
0.964146 0.264062 0.026351 141.536453 -0.263117 0.964145 -0.034568 -211.657315 -0.034534 0.026395 0.999055 4.406262
0.964945 0.261462 0.022765 143.021509 -0.260671 0.964874 -0.032684 -212.051177 -0.030511 0.025604 0.999206 4.382941
0.968919 0.246352 0.022518 144.866336 -0.245464 0.968731 -0.036160 -212.527064 -0.030723 0.029509 0.999092 4.366808
0.978598 0.204758 0.020476 146.204111 -0.203854 0.978211 -0.039338 -212.813419 -0.028085 0.034322 0.999016 4.353089
0.998021 0.057321 0.025866 148.352172 -0.056401 0.997794 -0.035016 -213.001736 -0.027816 0.033488 0.999052 4.329383
0.993095 -0.113513 0.029624 149.976027 0.114066 0.993315 -0.017713 -212.821054 -0.027416 0.020969 0.999404 4.317282
0.964477 -0.261495 0.037464 151.142891 0.262070 0.964983 -0.011275 -212.479349 -0.033204 0.020693 0.999234 4.303031
0.854393 -0.517982 0.041326 152.814305 0.518312 0.855186 0.003116 -211.538189 -0.036955 0.018758 0.999141 4.282263
0.710149 -0.702559 0.045813 153.875125 0.703119 0.711053 0.005174 -210.521505 -0.036211 0.028538 0.998937 4.255853
0.577865 -0.814701 0.048310 154.486648 0.815293 0.578942 0.011097 -209.604064 -0.037010 0.032975 0.998771 4.248420
0.387540 -0.921400 0.028879 155.019343 0.921535 0.388039 0.014120 -208.262251 -0.024217 0.021141 0.999483 4.219233
0.262035 -0.964932 0.015635 155.273428 0.964937 0.262224 0.011602 -207.170849 -0.015296 0.012047 0.999810 4.202889
0.150366 -0.988322 0.024709 155.534419 0.988522 0.150673 0.011027 -205.591813 -0.014621 0.022767 0.999634 4.191909
0.102289 -0.994601 0.017486 155.653560 0.994604 0.102564 0.015619 -204.257339 -0.017328 0.015794 0.999725 4.182241
0.036128 -0.998936 0.028676 155.762755 0.999334 0.036260 0.004103 -202.281385 -0.005138 0.028508 0.999580 4.175800
0.007412 -0.999796 0.018769 155.740558 0.999925 0.007594 0.009631 -201.154151 -0.009771 0.018696 0.999777 4.170794
-0.017309 -0.999780 0.011869 155.692826 0.999787 -0.017173 0.011473 -199.339787 -0.011266 0.012065 0.999864 4.166791
-0.023186 -0.999705 0.007186 155.648473 0.999657 -0.023097 0.012342 -198.033729 -0.012172 0.007470 0.999898 4.158481
-0.022410 -0.999743 -0.003393 155.592544 0.999681 -0.022448 0.011557 -196.660041 -0.011631 -0.003133 0.999927 4.149593
0.000319 -0.999886 -0.015066 155.549487 0.999918 0.000126 0.012809 -194.461045 -0.012806 -0.015068 0.999804 4.135579
0.020036 -0.999625 -0.018659 155.562537 0.999719 0.019795 0.013045 -192.903908 -0.012671 -0.018915 0.999741 4.128580
0.040606 -0.998908 -0.023125 155.607541 0.999101 0.040310 0.013135 -191.278487 -0.012188 -0.023637 0.999646 4.116380
0.061732 -0.997754 -0.025996 155.692144 0.997998 0.061346 0.015410 -189.582291 -0.013780 -0.026895 0.999543 4.105035
0.089780 -0.995613 -0.026362 155.891328 0.995775 0.089220 0.021723 -186.958150 -0.019276 -0.028201 0.999416 4.091766
0.106619 -0.993953 -0.026257 156.059098 0.994080 0.106003 0.023845 -185.195499 -0.020917 -0.028644 0.999371 4.079517
0.116991 -0.992852 -0.023621 156.255168 0.992914 0.116433 0.023774 -183.439353 -0.020854 -0.026235 0.999438 4.069182
0.121129 -0.992377 -0.022712 156.456972 0.992421 0.120595 0.023594 -181.678323 -0.020675 -0.025398 0.999464 4.054870
0.124381 -0.991945 -0.023980 156.770805 0.992047 0.123851 0.022457 -179.010351 -0.019307 -0.026582 0.999460 4.039058
0.126101 -0.991721 -0.024263 156.984470 0.991820 0.125550 0.023015 -177.226567 -0.019778 -0.026967 0.999441 4.028716
0.125953 -0.991711 -0.025419 157.195242 0.991834 0.125368 0.023406 -175.444640 -0.020025 -0.028159 0.999403 4.021192
0.125260 -0.991809 -0.024983 157.408241 0.991955 0.124734 0.021625 -173.661657 -0.018332 -0.027491 0.999454 4.015842
0.123935 -0.991909 -0.027503 157.616079 0.992117 0.123347 0.022138 -171.876261 -0.018567 -0.030030 0.999377 4.007844
0.122044 -0.992147 -0.027372 157.926976 0.992244 0.121306 0.027158 -169.201672 -0.023624 -0.030474 0.999256 3.989511
0.123195 -0.991975 -0.028430 158.233764 0.992111 0.122441 0.026903 -166.529287 -0.023206 -0.031520 0.999234 3.966796
0.126396 -0.991564 -0.028733 158.444007 0.991683 0.125596 0.028133 -164.748015 -0.024287 -0.032050 0.999191 3.950113
0.129795 -0.991118 -0.028965 158.772451 0.991282 0.129038 0.026641 -162.097634 -0.022667 -0.032171 0.999225 3.932356
0.130879 -0.990961 -0.029443 158.991498 0.991147 0.130120 0.026392 -160.341890 -0.022323 -0.032637 0.999218 3.920972
0.132786 -0.990737 -0.028428 159.325392 0.990858 0.132002 0.027870 -157.720263 -0.023859 -0.031868 0.999207 3.899937
0.133520 -0.990673 -0.027180 159.661612 0.990785 0.132806 0.026597 -155.119216 -0.022739 -0.030481 0.999277 3.878527
0.135325 -0.990378 -0.028964 159.999851 0.990611 0.134668 0.023549 -152.489499 -0.019422 -0.031879 0.999303 3.862766
0.138587 -0.989970 -0.027435 160.356517 0.990134 0.137926 0.024704 -149.825582 -0.020672 -0.030588 0.999318 3.845597
0.140838 -0.989763 -0.023108 160.605903 0.989781 0.140238 0.025817 -148.032643 -0.022312 -0.026508 0.999400 3.829930
0.143727 -0.989358 -0.022637 160.985291 0.989374 0.143147 0.025460 -145.321594 -0.021949 -0.026055 0.999420 3.799964
0.143329 -0.989364 -0.024824 161.363704 0.989506 0.142796 0.022055 -142.576559 -0.018276 -0.027725 0.999449 3.779547
0.134793 -0.990642 -0.021445 161.745172 0.990670 0.134296 0.023171 -139.799824 -0.020074 -0.024369 0.999501 3.763559
0.125498 -0.991858 -0.021628 161.973425 0.991878 0.124987 0.023580 -137.917917 -0.020685 -0.024412 0.999488 3.747764
0.110618 -0.993570 -0.024115 162.279901 0.993592 0.109989 0.026008 -135.066627 -0.023189 -0.026837 0.999371 3.719026
0.105163 -0.994074 -0.027528 162.564226 0.994342 0.104694 0.017972 -132.190627 -0.014984 -0.029262 0.999459 3.696901
0.102028 -0.994599 -0.019035 162.863338 0.994624 0.101652 0.019767 -129.258254 -0.017726 -0.020950 0.999623 3.690851
0.099477 -0.994904 -0.016449 163.144817 0.994703 0.098999 0.027671 -126.313229 -0.025902 -0.019114 0.999482 3.671181
0.098508 -0.994953 -0.019123 163.408951 0.994749 0.097915 0.029770 -123.378156 -0.027747 -0.021955 0.999374 3.637346
0.097174 -0.995043 -0.021112 163.583142 0.994934 0.096570 0.027953 -121.427679 -0.025776 -0.023722 0.999386 3.615568
0.095791 -0.995114 -0.023939 163.929000 0.995118 0.095162 0.026163 -117.530808 -0.023757 -0.026329 0.999371 3.577702
0.097162 -0.994960 -0.024790 164.282511 0.994989 0.096514 0.026116 -113.641339 -0.023592 -0.027204 0.999351 3.539213
0.097224 -0.994944 -0.025184 164.547966 0.994955 0.096533 0.027306 -110.714385 -0.024737 -0.027712 0.999310 3.511574
0.097349 -0.994905 -0.026201 164.810519 0.994883 0.096564 0.029727 -107.795026 -0.027046 -0.028961 0.999215 3.482792
0.096920 -0.994916 -0.027371 165.074771 0.994894 0.096066 0.030945 -104.884038 -0.028159 -0.030231 0.999146 3.448252
0.095019 -0.994842 -0.035500 165.405862 0.995119 0.093971 0.030133 -101.007044 -0.026642 -0.038190 0.998915 3.396212
0.102282 -0.993890 -0.041497 165.750491 0.994459 0.101145 0.028646 -97.151542 -0.024274 -0.044197 0.998728 3.351818
0.108560 -0.993362 -0.038039 166.047578 0.993661 0.107309 0.033518 -94.248278 -0.029214 -0.041437 0.998714 3.323334
0.117145 -0.992295 -0.040353 166.459611 0.992725 0.115864 0.032749 -90.378679 -0.027821 -0.043895 0.998649 3.265459
0.120081 -0.991898 -0.041461 166.790563 0.992522 0.119024 0.027087 -87.483631 -0.021932 -0.044403 0.998773 3.231183
0.119671 -0.992224 -0.034220 167.245136 0.992481 0.118667 0.029996 -83.594202 -0.025702 -0.037553 0.998964 3.189549
0.116884 -0.992647 -0.031480 167.577202 0.992536 0.115644 0.038704 -80.653665 -0.034779 -0.035769 0.998755 3.140183
0.119427 -0.992399 -0.029684 168.019483 0.992595 0.118676 0.025903 -76.754040 -0.022184 -0.032557 0.999224 3.080005
0.118463 -0.992619 -0.025964 168.361982 0.992475 0.117549 0.034286 -73.785459 -0.030981 -0.029830 0.999075 3.040268
0.110653 -0.993591 -0.023083 168.795250 0.993299 0.109782 0.036112 -69.842063 -0.033347 -0.026924 0.999081 2.969450
0.101345 -0.994640 -0.020483 169.093545 0.994340 0.100611 0.034148 -66.869797 -0.031904 -0.023828 0.999207 2.914879
0.094936 -0.995247 -0.021714 169.361957 0.994991 0.094181 0.033500 -63.874774 -0.031295 -0.024785 0.999203 2.865440
0.091115 -0.995512 -0.025588 169.700377 0.995258 0.090153 0.036515 -59.862178 -0.034044 -0.028794 0.999005 2.788094
0.089118 -0.995707 -0.025009 169.954105 0.995472 0.088207 0.035428 -56.853804 -0.033070 -0.028053 0.999059 2.734650
0.085229 -0.996088 -0.023348 170.198140 0.995727 0.084315 0.037667 -53.854685 -0.035551 -0.026458 0.999018 2.675585
0.080991 -0.996474 -0.021892 170.428096 0.996113 0.080160 0.036514 -50.876601 -0.034631 -0.024764 0.999093 2.616968
0.074524 -0.997045 -0.018647 170.641868 0.996857 0.073980 0.028338 -47.926397 -0.026875 -0.020700 0.999424 2.575573
0.067078 -0.997610 -0.016590 170.834129 0.997335 0.066563 0.029866 -44.997731 -0.028690 -0.018550 0.999416 2.539191
0.063790 -0.997804 -0.017834 171.002400 0.997436 0.063166 0.033635 -42.095197 -0.032435 -0.019934 0.999275 2.499250
0.064350 -0.997717 -0.020491 171.164319 0.997263 0.063545 0.037783 -39.221889 -0.036395 -0.022866 0.999076 2.448755
0.064061 -0.997690 -0.022589 171.327218 0.997276 0.063173 0.038065 -36.377060 -0.036551 -0.024966 0.999020 2.394528
0.057018 -0.998047 -0.025509 171.517533 0.997588 0.055941 0.041104 -32.698596 -0.039596 -0.027791 0.998829 2.321204
0.050971 -0.998329 -0.027234 171.637949 0.997947 0.049854 0.040214 -30.018806 -0.038789 -0.029228 0.998820 2.264064
0.045685 -0.998571 -0.027713 171.744711 0.998205 0.044558 0.040007 -27.403445 -0.038715 -0.029491 0.998815 2.213183
0.042166 -0.998671 -0.029627 171.829154 0.998279 0.040902 0.042036 -24.887768 -0.040768 -0.031349 0.998677 2.160400
0.046659 -0.998364 -0.033061 171.911503 0.998114 0.045275 0.041463 -22.500892 -0.039899 -0.034933 0.998593 2.110260
0.054828 -0.997953 -0.032909 172.016128 0.997785 0.053516 0.039509 -20.225260 -0.037667 -0.035003 0.998677 2.063687
0.062690 -0.997537 -0.031476 172.135395 0.997397 0.061493 0.037665 -18.017284 -0.035636 -0.033755 0.998795 2.023454
0.066722 -0.997319 -0.030065 172.223780 0.997098 0.065540 0.038723 -16.574190 -0.036648 -0.032561 0.998798 1.992840
0.070665 -0.997113 -0.027771 172.359623 0.996768 0.069519 0.040267 -14.478524 -0.038220 -0.030527 0.998803 1.954690
0.073284 -0.996939 -0.027236 172.448501 0.996579 0.072157 0.040287 -13.127726 -0.038198 -0.030095 0.998817 1.927241
0.078854 -0.996585 -0.024502 172.587446 0.996006 0.077728 0.043941 -11.179719 -0.041887 -0.027869 0.998734 1.884439
0.084530 -0.996132 -0.023985 172.686093 0.995526 0.083410 0.044382 -9.950647 -0.042210 -0.027629 0.998727 1.862477
0.094296 -0.995337 -0.020331 172.839148 0.994618 0.093308 0.045035 -8.235759 -0.042928 -0.024468 0.998779 1.823111
0.103335 -0.994467 -0.018924 172.939280 0.993626 0.102349 0.047249 -7.171090 -0.045051 -0.023685 0.998704 1.796269
0.123946 -0.992170 -0.015388 173.113283 0.991284 0.123108 0.046901 -5.690957 -0.044640 -0.021067 0.998781 1.760687
0.155013 -0.987799 -0.014950 173.309537 0.987144 0.154278 0.041764 -4.326654 -0.038948 -0.021232 0.999016 1.728571
0.194405 -0.980882 -0.008850 173.557600 0.980269 0.193938 0.038213 -3.079438 -0.035766 -0.016104 0.999230 1.702234
0.243287 -0.969934 -0.006245 173.836396 0.969294 0.242879 0.038461 -1.945306 -0.035788 -0.015410 0.999241 1.679414
0.352318 -0.935864 0.005502 174.416696 0.935468 0.352332 0.027607 -0.315642 -0.027775 -0.004579 0.999604 1.665416
0.462592 -0.886444 0.015019 175.046815 0.885726 0.462824 0.035810 0.887676 -0.038695 -0.003263 0.999246 1.633179
0.649353 -0.760464 0.005922 176.221369 0.760258 0.649329 0.019510 2.394555 -0.018682 -0.008166 0.999792 1.605618
0.740927 -0.671486 0.011565 177.019857 0.671385 0.741017 0.011659 3.086889 -0.016399 -0.000873 0.999865 1.587953
0.871129 -0.490807 0.015584 178.719493 0.490692 0.871267 0.010748 4.129943 -0.018853 -0.001716 0.999821 1.570868
0.926541 -0.376135 0.006596 179.945823 0.376019 0.926504 0.014144 4.643441 -0.011432 -0.010625 0.999878 1.553363
0.967167 -0.253994 0.008684 181.391445 0.253785 0.967054 0.020010 5.062249 -0.013480 -0.017149 0.999762 1.536869
0.990482 -0.137620 0.002571 183.029508 0.137518 0.990202 0.024262 5.333085 -0.005885 -0.023677 0.999702 1.521958
0.998686 -0.051148 0.003314 184.857624 0.051083 0.998543 0.017410 5.449454 -0.004200 -0.017218 0.999843 1.524404
0.999961 -0.008035 0.003695 186.805457 0.008003 0.999932 0.008476 5.473205 -0.003763 -0.008446 0.999957 1.530049
0.999956 0.006988 0.006277 188.188570 -0.007009 0.999970 0.003237 5.458615 -0.006254 -0.003281 0.999975 1.532358
0.999927 0.010077 0.006728 190.372133 -0.010050 0.999941 -0.004053 5.427693 -0.006769 0.003986 0.999969 1.538001
0.999967 0.001528 0.007946 192.694532 -0.001491 0.999988 -0.004636 5.427103 -0.007953 0.004624 0.999958 1.535227
0.999988 -0.003893 0.003014 194.285784 0.003911 0.999976 -0.005696 5.434377 -0.002992 0.005708 0.999979 1.546527
0.999897 -0.008999 0.011222 196.719450 0.009046 0.999950 -0.004156 5.462131 -0.011184 0.004257 0.999928 1.553621
0.999866 -0.011595 0.011596 199.155016 0.011578 0.999932 0.001507 5.507746 -0.011613 -0.001373 0.999932 1.558152
0.999825 -0.013930 0.012452 201.629282 0.013872 0.999892 0.004790 5.560164 -0.012517 -0.004616 0.999911 1.557581
0.999766 -0.015925 0.014658 203.292309 0.015868 0.999866 0.003998 5.591586 -0.014720 -0.003765 0.999885 1.562414
0.999581 -0.021522 0.019340 205.757705 0.021507 0.999768 0.001000 5.647511 -0.019357 -0.000584 0.999812 1.564598
0.999328 -0.028600 0.022917 209.021325 0.028615 0.999590 -0.000335 5.749049 -0.022898 0.000991 0.999737 1.546064
0.999275 -0.031666 0.021148 210.617994 0.031684 0.999498 -0.000511 5.808750 -0.021121 0.001180 0.999776 1.534032
0.999274 -0.033269 0.018558 212.991154 0.033219 0.999444 0.003018 5.905440 -0.018648 -0.002399 0.999823 1.520090
0.999214 -0.031754 0.023728 215.276252 0.031728 0.999495 0.001464 5.990656 -0.023763 -0.000710 0.999717 1.510260
0.999273 -0.032685 0.019638 216.694387 0.032586 0.999455 0.005321 6.045011 -0.019801 -0.004677 0.999793 1.511957
0.999033 -0.037526 0.022907 218.715598 0.037410 0.999285 0.005476 6.130694 -0.023096 -0.004613 0.999723 1.505082
0.998660 -0.046421 0.022892 220.551599 0.046294 0.998909 0.006064 6.224183 -0.023148 -0.004996 0.999720 1.501121
0.998393 -0.052045 0.022435 221.667175 0.051932 0.998635 0.005577 6.286652 -0.022695 -0.004403 0.999733 1.495301
0.998274 -0.054150 0.022752 223.179950 0.054012 0.998518 0.006661 6.381815 -0.023079 -0.005421 0.999719 1.493901
0.999730 -0.007823 0.021896 225.429817 0.007567 0.999902 0.011790 6.456720 -0.021986 -0.011622 0.999691 1.481824
0.998409 0.053105 0.018941 226.734615 -0.053308 0.998524 0.010364 6.391949 -0.018363 -0.011357 0.999767 1.479640
0.989984 0.140774 0.010710 227.980988 -0.140923 0.989911 0.014742 6.235998 -0.008526 -0.016104 0.999834 1.479244
0.945463 0.325592 0.009461 229.904950 -0.325482 0.945478 -0.011561 5.621451 -0.012709 0.007851 0.999888 1.482694
0.874182 0.485566 0.005710 231.267817 -0.485539 0.874198 -0.005416 4.911346 -0.007622 0.001962 0.999969 1.482822
