1.000000 0.000000 -0.000000 -0.000000 -0.000000 1.000000 -0.000000 -0.000000 0.000000 0.000000 1.000000 0.000000
0.999997 0.002368 0.000375 1.057276 -0.002368 0.999997 0.000727 0.010754 -0.000374 -0.000728 1.000000 0.015261
0.999992 0.004047 0.000486 2.238832 -0.004048 0.999991 0.001123 0.014808 -0.000481 -0.001125 0.999999 0.029422
0.999982 0.005990 0.000814 4.661631 -0.005991 0.999982 0.000849 0.011048 -0.000809 -0.000854 0.999999 0.066771
0.999970 0.007709 0.000404 7.075968 -0.007709 0.999970 0.000386 0.006572 -0.000401 -0.000389 1.000000 0.099715
0.999961 0.008717 0.001442 9.480395 -0.008718 0.999962 0.000509 -0.004388 -0.001438 -0.000522 0.999999 0.132181
0.999967 0.007725 0.002419 10.686049 -0.007725 0.999970 -0.000062 -0.010365 -0.002419 0.000043 0.999997 0.145774
0.999992 0.003385 0.001994 13.076724 -0.003382 0.999994 -0.001188 -0.013568 -0.001998 0.001181 0.999997 0.177249
0.999997 0.000937 0.002063 15.463414 -0.000938 0.999999 0.000594 -0.003198 -0.002063 -0.000596 0.999998 0.207273
0.999997 0.000802 0.002248 16.665142 -0.000803 1.000000 0.000252 -0.000813 -0.002248 -0.000254 0.999997 0.222338
0.999995 -0.000191 0.003071 19.058416 0.000193 1.000000 -0.000582 0.006346 -0.003071 0.000582 0.999995 0.250418
0.999998 -0.001318 0.001700 21.454678 0.001318 0.999999 -0.000387 0.019542 -0.001700 0.000390 0.999998 0.278486
0.999995 -0.002130 0.002263 22.654695 0.002130 0.999998 -0.000147 0.026871 -0.002263 0.000152 0.999997 0.292784
0.999992 -0.003699 0.001734 25.052337 0.003698 0.999993 0.000120 0.045573 -0.001735 -0.000114 0.999998 0.322000
0.999977 -0.005310 0.004179 27.452994 0.005313 0.999986 -0.000768 0.065238 -0.004175 0.000790 0.999991 0.346878
0.999972 -0.006463 0.003728 29.853633 0.006470 0.999978 -0.001644 0.088130 -0.003718 0.001668 0.999992 0.374464
0.999965 -0.007730 0.003078 31.044362 0.007737 0.999968 -0.002141 0.100718 -0.003061 0.002165 0.999993 0.388649
0.999953 -0.009022 0.003665 33.439335 0.009030 0.999957 -0.002272 0.129876 -0.003644 0.002305 0.999991 0.413495
0.999944 -0.009718 0.004118 35.847734 0.009732 0.999947 -0.003407 0.159931 -0.004085 0.003447 0.999986 0.441040
0.999934 -0.010381 0.004895 38.254778 0.010402 0.999937 -0.004163 0.193065 -0.004851 0.004213 0.999979 0.466079
0.999924 -0.010663 0.006164 39.447037 0.010686 0.999936 -0.003773 0.210905 -0.006123 0.003839 0.999974 0.475334
0.999924 -0.010238 0.006903 41.852367 0.010258 0.999943 -0.002908 0.248326 -0.006873 0.002978 0.999972 0.494655
0.999917 -0.009460 0.008775 44.248087 0.009453 0.999955 0.000827 0.289240 -0.008782 -0.000744 0.999961 0.506838
0.999871 -0.006549 0.014672 46.658076 0.006526 0.999977 0.001618 0.318979 -0.014682 -0.001522 0.999891 0.516149
0.999798 -0.003514 0.019810 49.072107 0.003494 0.999993 0.001077 0.338617 -0.019813 -0.001007 0.999803 0.511697
0.999856 -0.000285 0.016942 51.488232 0.000276 1.000000 0.000502 0.351494 -0.016942 -0.000497 0.999856 0.503991
0.999867 0.000650 0.016305 53.894444 -0.000655 1.000000 0.000299 0.360312 -0.016305 -0.000309 0.999867 0.493270
0.999876 -0.002076 0.015610 56.299584 0.002073 0.999998 0.000251 0.372871 -0.015611 -0.000218 0.999878 0.485533
0.999837 -0.004503 0.017492 58.713312 0.004501 0.999990 0.000192 0.392061 -0.017493 -0.000113 0.999847 0.482847
0.999836 -0.004892 0.017438 59.921357 0.004878 0.999988 0.000840 0.403399 -0.017442 -0.000754 0.999848 0.478276
0.999849 -0.005680 0.016400 63.534575 0.005688 0.999984 -0.000430 0.436819 -0.016397 0.000523 0.999865 0.474800
0.999795 -0.006485 0.019202 65.942775 0.006509 0.999978 -0.001205 0.458870 -0.019194 0.001329 0.999815 0.463669
0.999811 -0.007081 0.018125 67.144757 0.007096 0.999975 -0.000731 0.473418 -0.018119 0.000859 0.999835 0.466710
0.999830 -0.006746 0.017132 69.537480 0.006699 0.999974 0.002824 0.509720 -0.017151 -0.002709 0.999849 0.456135
0.999818 -0.006460 0.017956 71.926318 0.006354 0.999962 0.005949 0.543661 -0.017993 -0.005834 0.999821 0.446844
0.999796 -0.003841 0.019829 74.295885 0.003681 0.999961 0.008070 0.572165 -0.019860 -0.007995 0.999771 0.437708
0.999904 0.001410 0.013758 76.653647 -0.001471 0.999989 0.004401 0.579963 -0.013751 -0.004421 0.999896 0.445472
0.999843 0.006753 0.016404 79.001560 -0.006827 0.999967 0.004500 0.579215 -0.016373 -0.004612 0.999855 0.435203
0.999784 0.009998 0.018213 80.174932 -0.010070 0.999942 0.003848 0.574053 -0.018173 -0.004030 0.999827 0.439566
0.999748 0.017561 0.013976 82.509092 -0.017617 0.999837 0.003886 0.554041 -0.013906 -0.004131 0.999895 0.433995
0.999655 0.024398 0.009763 84.834484 -0.024423 0.999699 0.002500 0.513484 -0.009700 -0.002738 0.999949 0.446423
0.999420 0.031803 0.012134 87.176024 -0.031840 0.999489 0.002867 0.459696 -0.012037 -0.003252 0.999922 0.452284
0.999325 0.035229 0.010372 88.320454 -0.035258 0.999375 0.002682 0.425650 -0.010271 -0.003045 0.999943 0.459414
0.998957 0.044705 0.009265 91.775368 -0.044720 0.998999 0.001379 0.294793 -0.009194 -0.001792 0.999956 0.477961
0.998796 0.047888 0.010676 92.932539 -0.047898 0.998852 0.000621 0.244821 -0.010634 -0.001132 0.999943 0.482511
0.998502 0.053015 0.013552 95.244013 -0.052997 0.998593 -0.001689 0.133143 -0.013623 0.000968 0.999907 0.485931
0.998337 0.057071 0.008179 97.559899 -0.057038 0.998363 -0.004212 0.012017 -0.008406 0.003738 0.999958 0.493762
0.998128 0.060981 0.004589 99.888664 -0.060965 0.998134 -0.003581 -0.116872 -0.004799 0.003295 0.999983 0.501195
0.998116 0.060928 0.007166 102.228084 -0.060904 0.998138 -0.003433 -0.247059 -0.007362 0.002990 0.999968 0.515857
0.998264 0.058105 0.009617 104.598798 -0.058071 0.998305 -0.003809 -0.376832 -0.009822 0.003244 0.999947 0.524287
0.998566 0.052518 0.010342 106.999291 -0.052489 0.998617 -0.003034 -0.496844 -0.010488 0.002487 0.999942 0.530373
0.999099 0.040793 0.011686 110.631927 -0.040783 0.999167 -0.001108 -0.642690 -0.011722 0.000630 0.999931 0.532204
0.999395 0.032109 0.013349 113.068325 -0.032101 0.999484 -0.000798 -0.717868 -0.013368 0.000369 0.999911 0.537918
0.999668 0.021862 0.013634 115.511933 -0.021870 0.999761 0.000428 -0.769870 -0.013621 -0.000726 0.999907 0.537838
0.999840 0.012241 0.013061 117.963558 -0.012267 0.999923 0.001881 -0.794109 -0.013037 -0.002041 0.999913 0.539989
0.999893 0.006405 0.013129 120.428874 -0.006482 0.999962 0.005862 -0.798100 -0.013090 -0.005947 0.999897 0.533950
0.999893 0.003254 0.014269 124.148124 -0.003400 0.999942 0.010241 -0.787919 -0.014235 -0.010289 0.999846 0.534513
0.999856 0.001608 0.016883 126.642990 -0.001839 0.999905 0.013677 -0.775396 -0.016860 -0.013706 0.999764 0.534334
0.999797 0.000904 0.020121 129.148320 -0.001173 0.999910 0.013365 -0.766024 -0.020107 -0.013385 0.999708 0.517034
0.999809 -0.000162 0.019520 131.665172 -0.000059 0.999936 0.011322 -0.761651 -0.019520 -0.011321 0.999745 0.497235
0.999692 -0.001525 0.024781 135.466236 0.001442 0.999993 0.003333 -0.748394 -0.024786 -0.003296 0.999687 0.466660
0.999751 -0.001160 0.022274 137.996251 0.001215 0.999996 -0.002456 -0.750875 -0.022271 0.002483 0.999749 0.443555
0.999742 -0.001254 0.022672 140.548231 0.001353 0.999990 -0.004373 -0.736830 -0.022666 0.004402 0.999733 0.421801
0.999656 0.000155 0.026238 143.104593 -0.000106 0.999998 -0.001893 -0.719763 -0.026238 0.001890 0.999654 0.391177
0.999729 0.002058 0.023202 145.652591 -0.002038 0.999998 -0.000863 -0.708522 -0.023204 0.000816 0.999730 0.368663
0.999901 0.002715 0.013815 149.469747 -0.002693 0.999995 -0.001629 -0.706772 -0.013820 0.001592 0.999903 0.352445
0.999903 0.003598 0.013445 152.010190 -0.003565 0.999991 -0.002463 -0.703047 -0.013454 0.002415 0.999907 0.357408
0.999880 0.003460 0.015118 154.542873 -0.003439 0.999993 -0.001379 -0.697380 -0.015123 0.001327 0.999885 0.359778
0.999870 0.002076 0.015990 158.341082 -0.002071 0.999998 -0.000334 -0.689770 -0.015991 0.000301 0.999872 0.354937
0.999844 0.000736 0.017634 160.877088 -0.000734 1.000000 -0.000161 -0.682610 -0.017635 0.000148 0.999844 0.348959
0.999871 -0.001139 0.015991 163.404888 0.001126 0.999999 0.000824 -0.672220 -0.015992 -0.000806 0.999872 0.344505
0.999880 -0.002505 0.015291 165.938900 0.002490 0.999996 0.001047 -0.653867 -0.015293 -0.001008 0.999883 0.339126
0.999885 -0.003701 0.014716 168.475167 0.003678 0.999992 0.001622 -0.630629 -0.014722 -0.001567 0.999890 0.337015
0.999835 -0.005810 0.017184 172.270509 0.005770 0.999981 0.002358 -0.597871 -0.017197 -0.002258 0.999850 0.330712
0.999831 -0.006962 0.017031 174.794627 0.006913 0.999972 0.002972 -0.567662 -0.017051 -0.002853 0.999851 0.323470
0.999830 -0.007231 0.016955 177.327978 0.007167 0.999967 0.003829 -0.535756 -0.016982 -0.003707 0.999849 0.315519
0.999862 -0.007401 0.014871 179.853504 0.007362 0.999969 0.002619 -0.506503 -0.014890 -0.002509 0.999886 0.310709
0.999705 -0.007875 0.022993 183.642161 0.007912 0.999968 -0.001534 -0.466902 -0.022980 0.001715 0.999734 0.302746
0.999776 -0.007597 0.019752 186.157264 0.007575 0.999971 0.001215 -0.432193 -0.019760 -0.001065 0.999804 0.286511
0.999797 -0.008454 0.018297 188.647595 0.008431 0.999964 0.001296 -0.398620 -0.018308 -0.001141 0.999832 0.279043
0.999733 -0.008342 0.021531 191.143528 0.008318 0.999965 0.001186 -0.364632 -0.021540 -0.001007 0.999767 0.267030
0.999733 -0.006318 0.022224 193.631348 0.006305 0.999980 0.000660 -0.336610 -0.022228 -0.000520 0.999753 0.253020
0.999802 -0.003245 0.019650 196.105629 0.003248 0.999995 -0.000164 -0.320050 -0.019650 0.000228 0.999807 0.243613
0.999800 -0.000563 0.020004 198.544442 0.000581 0.999999 -0.000915 -0.307016 -0.020004 0.000926 0.999799 0.235448
0.999745 0.001498 0.022542 200.956437 -0.001478 0.999999 -0.000900 -0.296297 -0.022543 0.000867 0.999745 0.226070
0.999729 0.003801 0.022984 203.357924 -0.003793 0.999993 -0.000399 -0.289852 -0.022985 0.000312 0.999736 0.211523
0.999712 0.005775 0.023298 205.731494 -0.005779 0.999983 0.000108 -0.288682 -0.023297 -0.000243 0.999729 0.198555
0.999687 0.007678 0.023793 208.063562 -0.007647 0.999970 -0.001379 -0.294587 -0.023803 0.001197 0.999716 0.184617
0.999649 0.006298 0.025714 211.454141 -0.006255 0.999979 -0.001751 -0.310475 -0.025725 0.001589 0.999668 0.159908
0.999684 0.005949 0.024423 213.639605 -0.005920 0.999982 -0.001266 -0.310189 -0.024430 0.001121 0.999701 0.147008
0.999692 0.004233 0.024473 215.773129 -0.004182 0.999989 -0.002118 -0.312129 -0.024482 0.002015 0.999698 0.137883
0.999644 0.000192 0.026697 217.864031 -0.000101 0.999994 -0.003389 -0.310980 -0.026698 0.003385 0.999638 0.124253
0.999573 -0.006418 0.028509 220.879950 0.006492 0.999976 -0.002511 -0.283265 -0.028492 0.002695 0.999590 0.098672
0.999493 -0.012425 0.029312 222.795488 0.012493 0.999920 -0.002128 -0.251826 -0.029283 0.002493 0.999568 0.082071
0.999418 -0.018358 0.028749 224.613712 0.018421 0.999828 -0.001915 -0.213511 -0.028709 0.002443 0.999585 0.066869
0.999300 -0.024689 0.028112 226.343815 0.024728 0.999694 -0.001040 -0.162334 -0.028078 0.001734 0.999604 0.052656
0.999133 -0.030908 0.027902 228.784216 0.030869 0.999522 0.001853 -0.073958 -0.027946 -0.000990 0.999609 0.033996
0.999102 -0.030108 0.029819 230.331021 0.030066 0.999546 0.001874 -0.020552 -0.029862 -0.000976 0.999554 0.022191
0.999191 -0.029035 0.027824 231.807653 0.028984 0.999577 0.002228 0.033019 -0.027877 -0.001420 0.999610 0.009556
0.999332 -0.026941 0.024682 233.264960 0.026890 0.999636 0.002406 0.078411 -0.024737 -0.001741 0.999692 -0.002803
0.999415 -0.024225 0.024135 234.706786 0.024171 0.999705 0.002521 0.120746 -0.024189 -0.001936 0.999706 -0.015969
0.999502 -0.020332 0.024142 236.136853 0.020280 0.999791 0.002390 0.156223 -0.024186 -0.001899 0.999706 -0.027465
0.999585 -0.015513 0.024284 237.549432 0.015459 0.999878 0.002380 0.185742 -0.024318 -0.002004 0.999702 -0.038394
0.999634 -0.008908 0.025545 238.953290 0.008902 0.999960 0.000340 0.202175 -0.025547 -0.000112 0.999674 -0.047834
0.999672 -0.002928 0.025459 240.345482 0.002934 0.999996 -0.000201 0.214256 -0.025458 0.000275 0.999676 -0.058322
0.999693 0.002561 0.024632 241.718839 -0.002578 0.999996 0.000660 0.218759 -0.024630 -0.000723 0.999696 -0.074233
0.999650 0.008356 0.025114 243.113103 -0.008374 0.999965 0.000627 0.212350 -0.025108 -0.000837 0.999684 -0.089975
0.999582 0.013148 0.025756 244.521067 -0.013171 0.999913 0.000707 0.199538 -0.025745 -0.001046 0.999668 -0.107383
0.999606 0.017204 0.022184 245.941953 -0.017231 0.999851 0.001040 0.183179 -0.022163 -0.001422 0.999753 -0.123632
0.999622 0.018688 0.020145 247.380913 -0.018693 0.999825 0.000062 0.162841 -0.020141 -0.000439 0.999797 -0.142168
0.999626 0.019010 0.019648 248.850286 -0.019017 0.999819 0.000174 0.142655 -0.019641 -0.000547 0.999807 -0.150822
0.999662 0.019388 0.017344 250.330770 -0.019401 0.999812 0.000575 0.119792 -0.017329 -0.000911 0.999849 -0.164649
0.999615 0.021138 0.017999 252.637298 -0.021052 0.999766 -0.004951 0.076746 -0.018100 0.004570 0.999826 -0.172614
0.999357 0.022199 0.028145 254.197412 -0.022167 0.999753 -0.001446 0.047947 -0.028170 0.000822 0.999603 -0.193240
0.999398 0.028232 0.020167 255.780283 -0.028219 0.999601 -0.000919 0.006763 -0.020185 0.000349 0.999796 -0.211691
0.999081 0.038487 0.018882 258.247878 -0.038521 0.999257 0.001435 -0.064352 -0.018813 -0.002161 0.999821 -0.244250
0.998559 0.047759 0.024491 260.768533 -0.047649 0.998851 -0.005073 -0.177842 -0.024705 0.003898 0.999687 -0.266712
0.998414 0.052392 0.020585 262.430101 -0.052371 0.998626 -0.001572 -0.251445 -0.020639 0.000491 0.999787 -0.282424
0.998082 0.057653 0.022530 264.112465 -0.057658 0.998336 -0.000442 -0.338475 -0.022518 -0.000857 0.999746 -0.299396
0.997674 0.063590 0.024560 265.798067 -0.063641 0.997972 0.001334 -0.429570 -0.024425 -0.002894 0.999697 -0.312770
0.997322 0.069124 0.023901 267.488180 -0.069137 0.997607 -0.000276 -0.539214 -0.023863 -0.001377 0.999714 -0.330336
0.997105 0.071970 0.024527 269.186337 -0.071875 0.997402 -0.004734 -0.659974 -0.024804 0.002957 0.999688 -0.348011
0.997048 0.072714 0.024647 270.883926 -0.072601 0.997346 -0.005450 -0.780010 -0.024978 0.003644 0.999681 -0.367654
0.997155 0.071047 0.025183 273.455674 -0.070941 0.997468 -0.005073 -0.955083 -0.025479 0.003272 0.999670 -0.396988
0.997424 0.067676 0.023780 275.153720 -0.067600 0.997704 -0.004009 -1.063958 -0.023997 0.002391 0.999709 -0.415415
0.997647 0.064353 0.023651 276.855923 -0.064323 0.997927 -0.002044 -1.164633 -0.023733 0.000517 0.999718 -0.432013
0.997900 0.059521 0.025563 278.549222 -0.059495 0.998227 -0.001797 -1.261092 -0.025624 0.000272 0.999672 -0.447656
0.998258 0.050878 0.029865 280.243378 -0.050753 0.998699 -0.004927 -1.346112 -0.030077 0.003403 0.999542 -0.464417
0.998804 0.036647 0.032354 282.716106 -0.036472 0.999317 -0.005962 -1.440630 -0.032550 0.004775 0.999459 -0.497834
0.999083 0.027954 0.032441 284.295629 -0.027728 0.999588 -0.007410 -1.482678 -0.032635 0.006504 0.999446 -0.520402
0.999273 0.020166 0.032347 285.814363 -0.019965 0.999779 -0.006546 -1.505194 -0.032472 0.005896 0.999455 -0.542898
0.999414 0.012301 0.031937 287.248239 -0.012047 0.999894 -0.008157 -1.521217 -0.032034 0.007767 0.999457 -0.559225
0.999588 0.001040 0.028683 288.619027 -0.000890 0.999986 -0.005235 -1.512723 -0.028688 0.005207 0.999575 -0.573958
0.999510 -0.017644 0.025838 289.926032 0.017768 0.999832 -0.004555 -1.486331 -0.025753 0.005011 0.999656 -0.585996
0.998530 -0.047500 0.026108 291.179196 0.047608 0.998860 -0.003564 -1.422702 -0.025909 0.004801 0.999653 -0.593047
0.995617 -0.089797 0.026127 292.361226 0.089816 0.995958 0.000443 -1.306617 -0.026061 0.001906 0.999659 -0.603341
0.989444 -0.142648 0.025519 293.484615 0.142616 0.989773 0.003084 -1.135073 -0.025698 0.000588 0.999670 -0.612942
0.978055 -0.206526 0.027469 294.554634 0.206499 0.978439 0.003869 -0.899058 -0.027676 0.001888 0.999615 -0.622683
0.959624 -0.279624 0.030539 295.554716 0.279600 0.960103 0.005135 -0.603387 -0.030756 0.003611 0.999520 -0.630288
0.916620 -0.398252 0.034699 296.945676 0.398260 0.917246 0.006979 -0.008638 -0.034607 0.007422 0.999373 -0.649967
0.822210 -0.567836 0.039162 298.564209 0.568101 0.822943 0.005069 1.021672 -0.035106 0.018080 0.999220 -0.680573
0.718553 -0.694185 0.042300 299.562824 0.694690 0.719300 0.003680 1.957678 -0.032981 0.026741 0.999098 -0.707843
0.471049 -0.880936 0.045439 300.736756 0.881407 0.472102 0.015530 3.832306 -0.035133 0.032734 0.998846 -0.739467
0.238772 -0.969999 0.045721 301.147358 0.970427 0.240068 0.025257 5.421349 -0.035476 0.038338 0.998635 -0.763509
0.047969 -0.997867 0.044268 301.189346 0.998099 0.049603 0.036585 6.684714 -0.038703 0.042429 0.998350 -0.778637
-0.218802 -0.975044 0.037627 300.856985 0.974447 -0.216336 0.060432 8.451497 -0.050784 0.049888 0.997463 -0.826427
-0.404822 -0.913760 0.034084 300.265094 0.913141 -0.402035 0.067386 9.833497 -0.047872 0.058403 0.997145 -0.869948
-0.512427 -0.858178 0.030819 299.712874 0.857713 -0.509743 0.067017 10.752739 -0.041803 0.060775 0.997276 -0.908700
-0.638386 -0.769296 0.025431 298.593625 0.768729 -0.635547 0.071663 12.159165 -0.038967 0.065298 0.997105 -0.970182
-0.712143 -0.701577 0.025338 297.682870 0.700839 -0.708362 0.083952 13.093074 -0.040950 0.077543 0.996148 -0.998773
-0.803269 -0.595142 0.023786 296.005361 0.594935 -0.799798 0.079851 14.413875 -0.028499 0.078293 0.996523 -1.049740
-0.851613 -0.523538 0.025754 294.713433 0.523935 -0.848725 0.071826 15.229370 -0.015746 0.074661 0.997085 -1.079674
-0.892244 -0.451036 0.021631 293.255516 0.451410 -0.889725 0.067951 15.986322 -0.011402 0.070393 0.997454 -1.104173
-0.941577 -0.336260 0.019041 290.799615 0.336734 -0.938778 0.072837 16.980385 -0.006617 0.074993 0.997162 -1.100250
-0.965218 -0.261084 0.013771 288.979795 0.261356 -0.962151 0.077191 17.516666 -0.006903 0.078105 0.996921 -1.110835
-0.981682 -0.190026 0.013767 287.046843 0.190523 -0.978854 0.074473 17.928236 -0.000676 0.075731 0.997128 -1.112581
-0.995501 -0.093978 0.012099 283.941373 0.094605 -0.992958 0.071309 18.330324 0.005312 0.072133 0.997381 -1.092023
-0.999207 -0.038278 0.010972 281.728191 0.038953 -0.996796 0.069866 18.451220 0.008263 0.070238 0.997496 -1.062217
-0.999926 0.010114 0.006781 279.402317 -0.009645 -0.997774 0.065989 18.456201 0.007433 0.065919 0.997797 -1.035980
-0.998837 0.047456 0.008555 277.014361 -0.046876 -0.997181 0.058587 18.359463 0.011311 0.058118 0.998246 -0.996736
-0.997652 0.068065 0.007639 274.573287 -0.067612 -0.996510 0.048960 18.182315 0.010945 0.048329 0.998772 -0.955757
-0.997502 0.070109 0.008652 270.785223 -0.069696 -0.996716 0.041222 17.885567 0.011513 0.040516 0.999113 -0.893739
-0.998099 0.061329 0.006150 266.849340 -0.061043 -0.997372 0.039031 17.605037 0.008528 0.038581 0.999219 -0.823173
-0.998699 0.050942 0.002242 264.178152 -0.050824 -0.998011 0.037301 17.436999 0.004138 0.037139 0.999302 -0.778918
-0.999371 0.035432 0.001145 260.147542 -0.035370 -0.998765 0.034899 17.245396 0.002380 0.034837 0.999390 -0.711585
-0.999688 0.024882 0.002308 257.457438 -0.024793 -0.999155 0.032770 17.147214 0.003121 0.032702 0.999460 -0.668330
-0.999936 0.010874 -0.003082 253.387551 -0.010971 -0.999370 0.033749 17.060060 -0.002713 0.033780 0.999426 -0.616509
-0.999997 0.002229 0.001024 249.294838 -0.002191 -0.999378 0.035207 17.024773 0.001102 0.035205 0.999380 -0.567796
-0.999991 -0.004174 -0.000822 245.192699 0.004142 -0.999371 0.035220 17.018613 -0.000968 0.035216 0.999379 -0.513034
-0.999984 -0.005348 -0.001680 242.445312 0.005283 -0.999324 0.036370 17.025476 -0.001874 0.036360 0.999337 -0.480382
-0.999992 -0.003622 0.001521 238.310863 0.003680 -0.999195 0.039943 17.036117 0.001375 0.039948 0.999201 -0.435232
-0.999992 -0.000480 -0.003888 234.133034 0.000320 -0.999159 0.040998 17.031524 -0.003905 0.040996 0.999152 -0.386009
-0.999988 0.002009 -0.004396 229.912195 -0.002167 -0.999342 0.036202 16.995504 -0.004320 0.036211 0.999335 -0.353147
-0.999995 0.002477 -0.002067 225.666816 -0.002553 -0.999290 0.037578 16.977062 -0.001972 0.037583 0.999292 -0.307168
-0.999989 0.002584 -0.003994 222.831217 -0.002731 -0.999308 0.037092 16.961199 -0.003895 0.037102 0.999304 -0.274230
-0.999988 0.002798 -0.004020 218.568960 -0.002943 -0.999332 0.036417 16.926945 -0.003915 0.036428 0.999329 -0.240750
-0.999991 0.001988 -0.003625 212.802311 -0.002127 -0.999245 0.038796 16.900257 -0.003545 0.038803 0.999241 -0.187809
-0.999992 0.002838 -0.002686 208.436643 -0.002939 -0.999267 0.038158 16.866159 -0.002576 0.038165 0.999268 -0.150125
-0.999975 0.002885 -0.006411 204.044689 -0.003116 -0.999337 0.036285 16.826764 -0.006302 0.036304 0.999321 -0.117993
-0.999967 0.002437 -0.007702 199.645438 -0.002730 -0.999266 0.038215 16.799204 -0.007603 0.038235 0.999240 -0.077484
-0.999941 0.000143 -0.010891 195.242033 -0.000533 -0.999357 0.035857 16.763638 -0.010879 0.035861 0.999298 -0.054256
-0.999945 -0.002697 -0.010130 190.874409 0.002326 -0.999333 0.036456 16.749426 -0.010221 0.036431 0.999284 -0.036727
-0.999935 -0.005045 -0.010273 186.502836 0.004669 -0.999332 0.036238 16.739113 -0.010449 0.036187 0.999290 -0.015656
-0.999873 -0.007838 -0.013862 182.203638 0.007331 -0.999315 0.036262 16.753471 -0.014137 0.036156 0.999246 0.002915
-0.999824 -0.013332 -0.013169 177.895769 0.012849 -0.999265 0.036123 16.776445 -0.013641 0.035948 0.999261 0.016253
-0.999723 -0.018528 -0.014500 173.651132 0.017961 -0.999106 0.038281 16.826294 -0.015196 0.038010 0.999162 0.025804
-0.999487 -0.026422 -0.018128 168.180823 0.025681 -0.998873 0.039927 16.928985 -0.019163 0.039441 0.999038 0.036555
-0.999358 -0.028949 -0.021129 165.593708 0.028079 -0.998791 0.040349 16.993554 -0.022271 0.039730 0.998962 0.038355
-0.999380 -0.029570 -0.019087 161.894363 0.028809 -0.998825 0.038969 17.088603 -0.020216 0.038395 0.999058 0.035142
-0.999338 -0.028543 -0.022575 157.283831 0.027610 -0.998794 0.040601 17.208040 -0.023707 0.039951 0.998920 0.045004
-0.999384 -0.027471 -0.021833 154.142477 0.026603 -0.998882 0.039085 17.278645 -0.022882 0.038480 0.998997 0.043287
-0.999420 -0.025736 -0.022308 151.211666 0.024845 -0.998918 0.039320 17.336265 -0.023296 0.038743 0.998978 0.046744
-0.999418 -0.024403 -0.023849 148.503073 0.023442 -0.998934 0.039754 17.388992 -0.024794 0.039172 0.998925 0.044091
-0.999567 -0.022558 -0.018898 145.957898 0.021746 -0.998875 0.042132 17.435075 -0.019828 0.041703 0.998933 0.038297
-0.999596 -0.021977 -0.018040 143.537514 0.021191 -0.998865 0.042660 17.477586 -0.018957 0.042261 0.998927 0.035857
-0.999617 -0.021979 -0.016802 141.267614 0.021203 -0.998762 0.044992 17.525264 -0.017770 0.044618 0.998846 0.038310
-0.999597 -0.023310 -0.016211 139.075184 0.022518 -0.998622 0.047396 17.569197 -0.017293 0.047012 0.998745 0.039258
-0.999649 -0.024018 -0.011164 136.948238 0.023428 -0.998462 0.050244 17.612443 -0.012354 0.049965 0.998675 0.043593
-0.999638 -0.026125 -0.006457 134.148397 0.025782 -0.998492 0.048459 17.672696 -0.007713 0.048275 0.998804 0.046339
-0.999595 -0.026793 -0.009601 132.757813 0.026299 -0.998485 0.048333 17.713606 -0.010881 0.048061 0.998785 0.075029
-0.999639 -0.026142 0.006176 130.010163 0.026365 -0.998880 0.039284 17.764819 0.005142 0.039433 0.999209 0.093449
-0.999730 -0.023109 -0.002407 127.832870 0.023026 -0.999281 0.030132 17.785576 -0.003102 0.030069 0.999543 0.114376
-0.999931 -0.011618 -0.001573 124.799862 0.011572 -0.999578 0.026640 17.812656 -0.001882 0.026620 0.999644 0.135089
-0.999917 -0.001588 -0.012772 122.338337 0.001235 -0.999618 0.027594 17.812692 -0.012810 0.027576 0.999538 0.141321
-0.999902 0.010055 -0.009749 119.732028 -0.010359 -0.999446 0.031635 17.790013 -0.009425 0.031733 0.999452 0.125949
-0.999701 0.021466 -0.011725 116.985232 -0.021880 -0.999097 0.036432 17.739707 -0.010932 0.036678 0.999267 0.116233
-0.999341 0.034142 -0.012306 114.066694 -0.034635 -0.998502 0.042362 17.651003 -0.010841 0.042760 0.999027 0.103584
-0.998926 0.045611 -0.008167 110.990505 -0.045928 -0.997974 0.044018 17.506293 -0.006143 0.044346 0.998997 0.094423
-0.998812 0.048685 -0.002264 107.769796 -0.048737 -0.997891 0.042866 17.329179 -0.000172 0.042925 0.999078 0.097990
-0.998816 0.047758 -0.009258 104.378658 -0.048139 -0.997755 0.046555 17.156797 -0.007014 0.046945 0.998873 0.108986
-0.998915 0.045743 -0.008684 99.640048 -0.046080 -0.997984 0.043644 16.911394 -0.006671 0.043997 0.999009 0.101279
-0.998985 0.043838 -0.010391 95.905355 -0.044258 -0.998034 0.044382 16.730545 -0.008425 0.044797 0.998961 0.106129
-0.999206 0.038187 -0.011358 92.028179 -0.038631 -0.998376 0.041866 16.541253 -0.009741 0.042271 0.999059 0.090691
-0.999548 0.029978 0.002412 88.048197 -0.029857 -0.998748 0.040140 16.385207 0.003612 0.040049 0.999191 0.094837
-0.999685 0.021892 -0.012286 83.880820 -0.022369 -0.998945 0.040107 16.257749 -0.011395 0.040369 0.999120 0.097817
-0.999815 0.016329 -0.010138 79.608057 -0.016719 -0.999073 0.039666 16.153147 -0.009481 0.039828 0.999162 0.081171
-0.999817 0.007571 -0.017579 73.724973 -0.008257 -0.999194 0.039277 16.052819 -0.017267 0.039415 0.999074 0.067385
-0.999773 0.002737 -0.021138 69.316496 -0.003563 -0.999226 0.039165 16.004107 -0.021015 0.039231 0.999009 0.043612
-0.999763 0.000294 -0.021782 64.897156 -0.001139 -0.999246 0.038797 15.973405 -0.021754 0.038813 0.999010 0.013334
-0.999815 -0.000716 -0.019196 61.950872 -0.000025 -0.999255 0.038582 15.959475 -0.019210 0.038575 0.999071 0.001914
-0.999615 -0.000812 -0.027734 57.525059 -0.000327 -0.999157 0.041059 15.943093 -0.027744 0.041052 0.998772 -0.034946
-0.999716 0.001432 -0.023801 54.589560 -0.002397 -0.999174 0.040573 15.930564 -0.023724 0.040619 0.998893 -0.071203
-0.999758 0.003833 -0.021643 50.215740 -0.004666 -0.999245 0.038562 15.893738 -0.021479 0.038653 0.999022 -0.099574
-0.999588 0.005168 -0.028225 45.835212 -0.006239 -0.999259 0.037975 15.852709 -0.028008 0.038136 0.998880 -0.141218
-0.999767 0.004764 -0.021052 42.964338 -0.005545 -0.999293 0.037183 15.821759 -0.020860 0.037291 0.999087 -0.167842
-0.999654 0.003548 -0.026050 38.639427 -0.004571 -0.999215 0.039350 15.788226 -0.025889 0.039456 0.998886 -0.196153
-0.999723 0.001778 -0.023474 34.346179 -0.002599 -0.999385 0.034969 15.745835 -0.023398 0.035020 0.999113 -0.238071
-0.999739 0.001435 -0.022791 31.491871 -0.002283 -0.999304 0.037241 15.726679 -0.022722 0.037284 0.999046 -0.255920
-0.999709 0.001272 -0.024088 27.226713 -0.002242 -0.999186 0.040282 15.706927 -0.024017 0.040325 0.998898 -0.284325
-0.999701 0.000382 -0.024439 22.997140 -0.001256 -0.999360 0.035751 15.673640 -0.024410 0.035771 0.999062 -0.320694
-0.999650 -0.000202 -0.026462 20.212265 -0.000766 -0.999331 0.036574 15.659009 -0.026451 0.036582 0.998981 -0.346507
-0.999665 -0.000824 -0.025868 16.073283 -0.000153 -0.999288 0.037741 15.644634 -0.025880 0.037733 0.998953 -0.387305
-0.999800 -0.000505 -0.019995 13.327869 -0.000123 -0.999507 0.031403 15.623196 -0.020001 0.031399 0.999307 -0.411279
-0.999648 -0.000577 -0.026543 9.208929 -0.000193 -0.999580 0.028990 15.598664 -0.026548 0.028985 0.999227 -0.450944
-0.999517 0.000001 -0.031074 6.478144 -0.001171 -0.999291 0.037638 15.598183 -0.031052 0.037656 0.998808 -0.480916
-0.999663 -0.000166 -0.025972 2.392136 -0.000876 -0.999195 0.040099 15.582794 -0.025958 0.040108 0.998858 -0.537680
-0.999676 -0.000823 -0.025431 -1.727385 -0.000094 -0.999350 0.036050 15.553070 -0.025444 0.036040 0.999026 -0.592590
-0.999720 -0.000504 -0.023659 -4.485387 -0.000333 -0.999375 0.035343 15.533317 -0.023662 0.035341 0.999095 -0.622847
-0.999696 -0.001553 -0.024602 -8.649189 0.000767 -0.999490 0.031918 15.511712 -0.024639 0.031889 0.999188 -0.668578
-0.999623 -0.001527 -0.027412 -11.445702 0.000733 -0.999581 0.028934 15.490378 -0.027445 0.028903 0.999205 -0.708047
-0.999692 -0.001394 -0.024758 -15.663239 0.000734 -0.999644 0.026680 15.469053 -0.024787 0.026653 0.999337 -0.758588
-0.999810 -0.000975 -0.019476 -18.492595 0.000520 -0.999727 0.023369 15.451960 -0.019493 0.023354 0.999537 -0.783958
-0.999767 -0.000250 -0.021599 -22.752345 -0.000331 -0.999638 0.026915 15.435466 -0.021598 0.026916 0.999404 -0.816375
-0.999776 0.000889 -0.021136 -25.608173 -0.001486 -0.999599 0.028264 15.420553 -0.021103 0.028289 0.999377 -0.845748
-0.999695 0.001550 -0.024654 -29.893252 -0.002210 -0.999639 0.026772 15.391443 -0.024603 0.026819 0.999337 -0.880533
-0.999701 0.003016 -0.024261 -32.745871 -0.003766 -0.999515 0.030912 15.378959 -0.024156 0.030994 0.999228 -0.904927
-0.999652 0.003393 -0.026164 -35.592649 -0.004297 -0.999393 0.034568 15.360735 -0.026031 0.034669 0.999060 -0.935367
-0.999621 0.003858 -0.027257 -38.437576 -0.004897 -0.999261 0.038133 15.342329 -0.027090 0.038252 0.998901 -0.961989
-0.999547 0.004775 -0.029721 -41.285929 -0.006034 -0.999082 0.042414 15.321599 -0.029492 0.042574 0.998658 -1.002518
-0.999755 0.005439 -0.021438 -45.512563 -0.006440 -0.998880 0.046878 15.285288 -0.021159 0.047005 0.998671 -1.041093
-0.999672 0.005414 -0.025021 -48.335180 -0.006587 -0.998871 0.047040 15.258305 -0.024738 0.047189 0.998580 -1.065788
-0.999686 0.005435 -0.024470 -51.145695 -0.006564 -0.998907 0.046287 15.225995 -0.024191 0.046433 0.998628 -1.093511
-0.999707 0.004385 -0.023811 -53.939075 -0.005482 -0.998917 0.046208 15.197557 -0.023583 0.046325 0.998648 -1.118776
-0.999699 0.001845 -0.024444 -58.148624 -0.002975 -0.998924 0.046281 15.162486 -0.024333 0.046340 0.998629 -1.161828
-0.999729 0.000358 -0.023277 -60.956082 -0.001438 -0.998922 0.046399 15.149421 -0.023235 0.046420 0.998652 -1.185285
-0.999692 -0.000783 -0.024804 -63.762950 -0.000340 -0.998977 0.045216 15.132530 -0.024814 0.045210 0.998669 -1.209432
-0.999666 -0.002656 -0.025723 -67.952043 0.001513 -0.999014 0.044366 15.118448 -0.025816 0.044312 0.998684 -1.257689
-0.999745 -0.002424 -0.022431 -72.121317 0.001408 -0.998977 0.045199 15.112085 -0.022518 0.045156 0.998726 -1.292118
-0.999673 -0.000966 -0.025567 -74.898769 -0.000258 -0.998855 0.047834 15.105576 -0.025584 0.047825 0.998528 -1.311655
-0.999617 0.001202 -0.027650 -77.657554 -0.002588 -0.998740 0.050126 15.091905 -0.027555 0.050179 0.998360 -1.340642
-0.999721 0.002417 -0.023515 -81.755171 -0.003501 -0.998928 0.046164 15.060646 -0.023378 0.046234 0.998657 -1.377753
-0.999529 0.002286 -0.030605 -84.481631 -0.003730 -0.998878 0.047209 15.038480 -0.030463 0.047301 0.998416 -1.408290
-0.999564 0.001382 -0.029508 -87.173279 -0.002786 -0.998862 0.047613 15.021676 -0.029408 0.047675 0.998430 -1.441027
-0.999638 -0.000210 -0.026914 -89.861449 -0.001024 -0.998949 0.045821 15.003019 -0.026896 0.045832 0.998587 -1.476344
-0.999562 -0.001468 -0.029553 -92.532338 0.000143 -0.998998 0.044764 14.989627 -0.029589 0.044740 0.998560 -1.509368
-0.999612 -0.002779 -0.027712 -95.183562 0.001547 -0.999015 0.044355 14.982819 -0.027807 0.044295 0.998631 -1.539972
-0.999532 -0.004725 -0.030217 -97.822966 0.003375 -0.999001 0.044557 14.980056 -0.030397 0.044434 0.998550 -1.575447
-0.999518 -0.006465 -0.030378 -100.448645 0.005107 -0.998992 0.044588 14.978272 -0.030636 0.044411 0.998543 -1.612529
-0.999498 -0.008306 -0.030562 -104.351870 0.006931 -0.998972 0.044807 14.989734 -0.030903 0.044572 0.998528 -1.669970
-0.999527 -0.009253 -0.029324 -106.944521 0.007952 -0.998992 0.044171 14.996238 -0.029704 0.043917 0.998594 -1.707991
-0.999533 -0.010114 -0.028840 -109.515125 0.008818 -0.998961 0.044711 15.009070 -0.029262 0.044436 0.998584 -1.743165
-0.999479 -0.010076 -0.030650 -112.078604 0.008673 -0.998924 0.045563 15.024441 -0.031076 0.045273 0.998491 -1.777497
-0.999481 -0.010202 -0.030566 -114.621254 0.008792 -0.998907 0.045909 15.037542 -0.031001 0.045617 0.998478 -1.819418
-0.999440 -0.009740 -0.032025 -117.144054 0.008238 -0.998874 0.046716 15.050099 -0.032444 0.046426 0.998395 -1.855964
-0.999420 -0.009374 -0.032728 -120.893536 0.007856 -0.998901 0.046199 15.063892 -0.033126 0.045916 0.998396 -1.916783
-0.999425 -0.009640 -0.032495 -123.348107 0.008154 -0.998929 0.045548 15.072098 -0.032899 0.045256 0.998434 -1.951652
-0.999298 -0.013957 -0.034773 -126.962292 0.012468 -0.999012 0.042657 15.093220 -0.035333 0.042194 0.998484 -2.012622
-0.999349 -0.015771 -0.032460 -129.331874 0.014404 -0.999017 0.041924 15.112986 -0.033089 0.041429 0.998593 -2.046409
-0.999274 -0.016442 -0.034372 -131.656145 0.014951 -0.998955 0.043195 15.139998 -0.035046 0.042650 0.998475 -2.084737
-0.999177 -0.016438 -0.037086 -133.917590 0.014739 -0.998849 0.045650 15.169408 -0.037794 0.045066 0.998269 -2.128664
-0.999134 -0.017013 -0.037959 -136.101233 0.015271 -0.998838 0.045721 15.198084 -0.038693 0.045101 0.998233 -2.166239
-0.998996 -0.018251 -0.040920 -138.190523 0.016343 -0.998785 0.046482 15.222402 -0.041718 0.045767 0.998081 -2.201932
-0.998975 -0.021536 -0.039817 -140.177812 0.019749 -0.998804 0.044738 15.249097 -0.040733 0.043906 0.998205 -2.245240
-0.998884 -0.023489 -0.040976 -142.068118 0.021564 -0.998671 0.046804 15.286787 -0.042020 0.045868 0.998063 -2.278727
-0.999101 -0.015290 -0.039546 -144.694252 0.013202 -0.998533 0.052521 15.336485 -0.040291 0.051952 0.997836 -2.326389
-0.999132 0.013991 -0.039228 -146.290665 -0.016348 -0.998038 0.060431 15.332711 -0.038305 0.061020 0.997401 -2.350313
-0.997099 0.061878 -0.044323 -147.766570 -0.064515 -0.996065 0.060767 15.248067 -0.040388 0.063451 0.997167 -2.373040
-0.991361 0.121328 -0.049824 -149.145122 -0.124139 -0.990578 0.057833 15.084621 -0.042338 0.063519 0.997082 -2.394971
-0.979282 0.197145 -0.046258 -150.388144 -0.199736 -0.977988 0.060380 14.836746 -0.033336 0.068368 0.997103 -2.408692
-0.940187 0.337565 -0.045795 -152.045578 -0.339910 -0.938510 0.060506 14.285298 -0.022555 0.072453 0.997117 -2.423641
-0.894439 0.444701 -0.047126 -153.002825 -0.446935 -0.892512 0.060587 13.801572 -0.015118 0.075254 0.997050 -2.410677
-0.830924 0.554248 -0.048727 -153.861421 -0.556326 -0.828923 0.058210 13.218703 -0.008128 0.075476 0.997114 -2.405499
-0.749383 0.660176 -0.050911 -154.634822 -0.662135 -0.747322 0.055563 12.513746 -0.001365 0.075348 0.997156 -2.383741
-0.532592 0.844853 -0.050692 -155.757793 -0.846345 -0.531144 0.039824 10.900937 0.006720 0.064113 0.997920 -2.327518
-0.344243 0.937576 -0.049482 -156.263191 -0.938715 -0.342713 0.036918 9.565686 0.017656 0.059158 0.998092 -2.274191
-0.000842 0.998909 -0.046684 -156.450485 -0.999834 0.000007 0.018194 7.203842 0.018175 0.046692 0.998744 -2.175417
0.282353 0.958651 -0.035570 -155.985769 -0.959296 0.281951 -0.015959 5.300374 -0.005271 0.038628 0.999240 -2.119238
0.482798 0.875160 -0.031647 -155.276898 -0.875673 0.482030 -0.029045 3.893096 -0.010164 0.041736 0.999077 -2.111663
0.602963 0.797351 -0.025822 -154.597844 -0.797676 0.602083 -0.034776 3.015819 -0.012182 0.041566 0.999061 -2.097561
0.750129 0.660667 -0.028742 -153.327553 -0.661291 0.749445 -0.032038 1.805624 0.000374 0.043039 0.999073 -2.081711
0.828528 0.559310 -0.026700 -152.283634 -0.559938 0.827851 -0.033659 1.090431 0.003278 0.042838 0.999077 -2.072043
0.921497 0.387923 -0.018920 -150.498517 -0.388368 0.920818 -0.035552 0.248211 0.003630 0.040109 0.999189 -2.042854
0.959353 0.281769 -0.015767 -149.137631 -0.282127 0.958926 -0.029421 -0.158266 0.006830 0.032674 0.999443 -2.021840
0.980441 0.196216 -0.015326 -147.662351 -0.196477 0.980344 -0.017934 -0.450138 0.011505 0.020595 0.999722 -2.005691
0.995240 0.096779 -0.011442 -145.256429 -0.096971 0.995130 -0.017676 -0.745644 0.009676 0.018701 0.999778 -1.962793
0.998755 0.048519 -0.011559 -143.539244 -0.048632 0.998770 -0.009623 -0.823063 0.011078 0.010173 0.999887 -1.937898
0.999632 0.023479 -0.013614 -141.725102 -0.023470 0.999724 0.000813 -0.849708 0.013629 -0.000493 0.999907 -1.907736
0.999800 0.016366 -0.011489 -138.820954 -0.016329 0.999861 0.003266 -0.881208 0.011541 -0.003078 0.999929 -1.855858
0.999852 0.013517 -0.010631 -136.819624 -0.013505 0.999908 0.001232 -0.904604 0.010647 -0.001089 0.999943 -1.820876
0.999908 0.009334 -0.009867 -134.741001 -0.009321 0.999956 0.001378 -0.913975 0.009880 -0.001286 0.999950 -1.790700
0.999964 0.005495 -0.006525 -132.565286 -0.005500 0.999985 -0.000727 -0.921176 0.006521 0.000763 0.999978 -1.763843
0.999959 0.001654 -0.008902 -129.191016 -0.001666 0.999998 -0.001389 -0.918780 0.008900 0.001404 0.999959 -1.719427
0.999950 0.000369 -0.010017 -126.862607 -0.000371 1.000000 -0.000259 -0.903630 0.010017 0.000263 0.999950 -1.684481
0.999957 0.002108 -0.009075 -123.237602 -0.002104 0.999998 0.000361 -0.891283 0.009075 -0.000342 0.999959 -1.625913
0.999884 0.005447 -0.014194 -120.735093 -0.005426 0.999984 0.001492 -0.891824 0.014202 -0.001415 0.999898 -1.582021
0.999837 0.008110 -0.016161 -116.877208 -0.008141 0.999965 -0.001831 -0.907401 0.016146 0.001962 0.999868 -1.500374
0.999808 0.005952 -0.018648 -114.241618 -0.006000 0.999979 -0.002503 -0.918993 0.018633 0.002614 0.999823 -1.436032
0.999853 -0.001707 -0.017067 -110.175926 0.001654 0.999994 -0.003123 -0.911026 0.017072 0.003095 0.999849 -1.332829
0.999825 -0.004730 -0.018107 -107.399043 0.004690 0.999986 -0.002274 -0.884443 0.018117 0.002189 0.999833 -1.268792
0.999776 -0.007221 -0.019885 -103.111166 0.007186 0.999973 -0.001798 -0.837900 0.019898 0.001655 0.999801 -1.162251
0.999887 -0.006602 -0.013471 -98.685591 0.006594 0.999978 -0.000598 -0.784203 0.013475 0.000509 0.999909 -1.049268
0.999980 -0.006240 0.000939 -94.152840 0.006240 0.999980 -0.000471 -0.735394 -0.000936 0.000477 0.999999 -0.975347
0.999966 -0.005711 0.005934 -91.121570 0.005697 0.999981 0.002328 -0.700507 -0.005947 -0.002294 0.999980 -0.942998
0.999980 -0.005560 0.002931 -86.603619 0.005556 0.999983 0.001502 -0.655902 -0.002939 -0.001486 0.999995 -0.892077
0.999979 -0.003638 0.005365 -82.066398 0.003645 0.999992 -0.001389 -0.614966 -0.005360 0.001408 0.999985 -0.847801
0.999989 -0.002086 0.004280 -79.058484 0.002092 0.999997 -0.001390 -0.594451 -0.004277 0.001399 0.999990 -0.817425
0.999948 -0.001482 0.010067 -74.542361 0.001519 0.999992 -0.003688 -0.567426 -0.010061 0.003703 0.999943 -0.779347
0.999990 -0.003277 0.002955 -70.059428 0.003276 0.999995 0.000142 -0.531973 -0.002955 -0.000132 0.999996 -0.745609
0.999984 -0.004269 0.003835 -65.599938 0.004272 0.999991 -0.000781 -0.494762 -0.003832 0.000797 0.999992 -0.696204
0.999956 -0.006952 0.006356 -61.150691 0.006976 0.999969 -0.003736 -0.462174 -0.006330 0.003781 0.999973 -0.656711
0.999950 -0.009197 0.003824 -58.218714 0.009213 0.999949 -0.004116 -0.428784 -0.003786 0.004151 0.999984 -0.622373
0.999895 -0.012202 0.007769 -52.345874 0.012226 0.999921 -0.003031 -0.337954 -0.007731 0.003125 0.999965 -0.579689
0.999894 -0.012524 0.007445 -46.514142 0.012545 0.999917 -0.002795 -0.235638 -0.007409 0.002888 0.999968 -0.531049
0.999895 -0.010839 0.009634 -42.157454 0.010897 0.999923 -0.005938 -0.169108 -0.009569 0.006042 0.999936 -0.492160
0.999942 -0.008251 0.006925 -37.839802 0.008283 0.999955 -0.004642 -0.108503 -0.006887 0.004699 0.999965 -0.457775
0.999930 -0.005226 0.010636 -33.518900 0.005241 0.999985 -0.001389 -0.055527 -0.010628 0.001445 0.999942 -0.426309
0.999975 -0.001389 0.006921 -29.257445 0.001399 0.999998 -0.001433 -0.019400 -0.006919 0.001442 0.999975 -0.400332
0.999981 0.002340 0.005631 -25.000630 -0.002336 0.999997 -0.000766 0.000081 -0.005633 0.000753 0.999984 -0.370102
0.999980 0.005667 -0.002637 -20.779780 -0.005661 0.999982 0.002045 0.010125 0.002649 -0.002030 0.999994 -0.314197
0.999975 0.006947 0.001249 -16.580380 -0.006947 0.999976 -0.000125 -0.000856 -0.001250 0.000116 0.999999 -0.240886
0.999981 0.006170 -0.000805 -12.420553 -0.006172 0.999978 -0.002603 -0.017182 0.000789 0.002607 0.999996 -0.170982
0.999995 0.002519 0.002083 -8.301854 -0.002517 0.999996 -0.000869 -0.014692 -0.002085 0.000864 0.999997 -0.114557
1.000000 -0.000278 -0.000506 -2.811884 0.000277 0.999996 -0.002690 0.002939 0.000507 0.002690 0.999996 -0.036333
0.999999 -0.001056 0.000192 1.282826 0.001056 0.999999 -0.000643 0.025471 -0.000192 0.000643 1.000000 0.023329
0.999998 -0.001753 0.001125 5.369346 0.001753 0.999998 -0.000034 0.049710 -0.001125 0.000036 0.999999 0.076580
0.999996 -0.002002 0.001879 9.463855 0.002002 0.999998 -0.000086 0.075671 -0.001879 0.000090 0.999998 0.139738
0.999996 -0.001702 0.002417 14.895777 0.001700 0.999998 0.000624 0.111249 -0.002418 -0.000620 0.999997 0.206932
