1.000000 0.000000 0.000000 0.000000 -0.000000 1.000000 -0.000000 -0.000000 -0.000000 0.000000 1.000000 0.000000
0.993957 -0.109672 -0.004616 1.078541 0.109668 0.993968 -0.001054 0.132831 0.004703 0.000542 0.999989 0.011331
0.963310 -0.268077 -0.012954 2.162602 0.268218 0.963298 0.010738 0.482225 0.009600 -0.013818 0.999858 0.039492
0.900594 -0.434314 -0.017380 3.149749 0.434601 0.900418 0.019228 1.014830 0.007298 -0.024870 0.999664 0.045527
0.775823 -0.630708 -0.017518 4.089980 0.630949 0.775582 0.019378 1.810444 0.001365 -0.026087 0.999659 0.070424
0.658781 -0.752229 -0.012602 4.606753 0.752335 0.658686 0.011160 2.448419 -0.000094 -0.016833 0.999858 0.076158
0.464045 -0.885791 -0.005974 5.165818 0.885780 0.463962 0.011530 3.543421 -0.007441 -0.010642 0.999916 0.073657
0.245890 -0.969298 0.000303 5.545091 0.969139 0.245855 0.018038 4.973755 -0.017558 -0.004141 0.999837 0.072458
0.105247 -0.994437 -0.004319 5.647783 0.994275 0.105147 0.018993 6.193031 -0.018433 -0.006293 0.999810 0.061280
0.000951 -0.999975 -0.007045 5.643153 0.999924 0.000864 0.012279 7.578142 -0.012273 -0.007056 0.999900 0.048777
-0.047104 -0.998853 -0.008583 5.583925 0.998856 -0.047171 0.007838 8.577070 -0.008234 -0.008204 0.999932 0.040897
-0.076949 -0.997002 -0.008058 5.492325 0.997005 -0.077007 0.007117 9.657482 -0.007717 -0.007486 0.999942 0.031685
-0.093588 -0.995560 -0.010093 5.376089 0.995558 -0.093683 0.009355 10.793077 -0.010259 -0.009173 0.999905 0.033841
-0.099536 -0.994990 -0.009355 5.252415 0.994960 -0.099638 0.011241 11.993937 -0.012116 -0.008189 0.999893 0.027513
-0.097225 -0.995234 -0.007579 5.127690 0.995131 -0.097333 0.015495 13.260191 -0.016159 -0.006035 0.999851 0.021667
-0.093680 -0.995531 -0.011899 4.989500 0.995493 -0.093840 0.013688 14.570747 -0.014744 -0.010563 0.999836 0.013501
-0.090459 -0.995812 -0.013227 4.854832 0.995754 -0.090665 0.015938 15.955103 -0.017071 -0.011729 0.999785 -0.005427
-0.086927 -0.996123 -0.013521 4.719284 0.995958 -0.087204 0.021528 17.399766 -0.022624 -0.011595 0.999677 -0.020487
-0.083496 -0.996347 -0.017914 4.575790 0.996304 -0.083830 0.018752 18.897119 -0.020185 -0.016283 0.999664 -0.038476
-0.080496 -0.996616 -0.016663 4.445716 0.996526 -0.080824 0.020066 20.440969 -0.021345 -0.014990 0.999660 -0.064593
-0.077982 -0.996872 -0.012875 4.315566 0.996651 -0.078270 0.023659 22.037850 -0.024593 -0.010987 0.999637 -0.086967
-0.077049 -0.996956 -0.011905 4.184478 0.996926 -0.077206 0.013304 23.645617 -0.014183 -0.010843 0.999841 -0.100056
-0.077578 -0.996942 -0.009389 4.056058 0.996929 -0.077671 0.009941 25.292085 -0.010640 -0.008589 0.999907 -0.106013
-0.077996 -0.996902 -0.010114 3.912436 0.996653 -0.078218 0.023783 26.995228 -0.024501 -0.008226 0.999666 -0.122423
-0.078633 -0.996806 -0.013928 3.692495 0.996519 -0.078984 0.026679 29.514340 -0.027694 -0.011781 0.999547 -0.151506
-0.079574 -0.996701 -0.015998 3.545910 0.996472 -0.079965 0.025469 31.190800 -0.026664 -0.013915 0.999548 -0.174360
-0.078534 -0.996742 -0.018383 3.330571 0.996645 -0.078926 0.021650 33.691692 -0.023030 -0.016621 0.999597 -0.203773
-0.078034 -0.996755 -0.019754 3.189598 0.996751 -0.078399 0.018448 35.353741 -0.019937 -0.018250 0.999635 -0.219328
-0.076362 -0.996925 -0.017599 2.984782 0.996565 -0.076878 0.030782 37.870657 -0.032040 -0.015188 0.999371 -0.251809
-0.076205 -0.996938 -0.017526 2.848058 0.996454 -0.076774 0.034430 39.543374 -0.035670 -0.014840 0.999253 -0.278462
-0.075747 -0.996936 -0.019503 2.710058 0.996733 -0.076253 0.026608 41.193698 -0.028014 -0.017424 0.999456 -0.304330
-0.075888 -0.996785 -0.025718 2.563729 0.996830 -0.076459 0.021992 42.843323 -0.023887 -0.023968 0.999427 -0.331480
-0.077591 -0.996785 -0.020001 2.437836 0.996815 -0.077934 0.016938 44.483780 -0.018442 -0.018623 0.999656 -0.340321
-0.080071 -0.996651 -0.016586 2.306067 0.996589 -0.080377 0.018690 46.133729 -0.019961 -0.015032 0.999688 -0.352744
-0.083882 -0.996393 -0.012840 2.168764 0.996054 -0.084215 0.028004 47.780011 -0.028985 -0.010440 0.999525 -0.369215
-0.086428 -0.996140 -0.015364 2.021001 0.995937 -0.086782 0.024069 49.404671 -0.025309 -0.013221 0.999592 -0.381262
-0.088571 -0.995811 -0.022693 1.855227 0.995840 -0.089017 0.019453 50.993536 -0.021391 -0.020876 0.999553 -0.394816
-0.091663 -0.995485 -0.024636 1.618823 0.995505 -0.092200 0.021637 53.374215 -0.023811 -0.022542 0.999462 -0.407098
-0.092825 -0.995361 -0.025304 1.386230 0.995279 -0.093481 0.026106 55.708901 -0.028350 -0.022762 0.999339 -0.429128
-0.093823 -0.995257 -0.025693 1.158913 0.994975 -0.094640 0.032677 57.999946 -0.034954 -0.022498 0.999136 -0.465865
-0.094158 -0.995266 -0.024068 0.937385 0.995187 -0.094755 0.024999 60.189066 -0.027161 -0.021599 0.999398 -0.493871
-0.090703 -0.995548 -0.025637 0.792207 0.995574 -0.091281 0.022363 61.598360 -0.024604 -0.023495 0.999421 -0.505842
-0.080886 -0.996395 -0.025600 0.672647 0.996362 -0.081521 0.024831 62.936158 -0.026828 -0.023498 0.999364 -0.517191
-0.064718 -0.997553 -0.026457 0.575311 0.997467 -0.065451 0.027851 64.218210 -0.029514 -0.024588 0.999262 -0.528344
-0.038233 -0.998794 -0.030803 0.512540 0.998739 -0.039199 0.031374 65.425158 -0.032544 -0.029565 0.999033 -0.542728
0.002248 -0.999482 -0.032116 0.498052 0.999423 0.001157 0.033937 66.574455 -0.033882 -0.032174 0.998908 -0.557823
0.056816 -0.997961 -0.029069 0.558196 0.997835 0.055795 0.034818 67.633802 -0.033126 -0.030984 0.998971 -0.569203
0.168266 -0.985469 -0.023184 0.783744 0.985237 0.167380 0.035957 69.064009 -0.031554 -0.028892 0.999084 -0.586565
0.310636 -0.950498 -0.007671 1.202701 0.950115 0.310253 0.032011 70.375604 -0.028046 -0.017232 0.999458 -0.603194
0.462477 -0.886618 0.004827 1.853819 0.886337 0.462457 0.023246 71.532173 -0.022843 -0.006472 0.999718 -0.613937
0.598924 -0.800399 0.025522 2.659914 0.800401 0.599330 0.012676 72.563881 -0.025442 0.012836 0.999594 -0.626988
0.722980 -0.690796 0.010048 3.557172 0.690841 0.723005 -0.001462 73.431485 -0.006255 0.007998 0.999948 -0.636876
0.863968 -0.503486 -0.007740 5.160862 0.503463 0.864003 -0.004876 74.465808 0.009143 0.000316 0.999958 -0.648794
0.929152 -0.369515 -0.011638 6.611753 0.369612 0.929154 0.007684 75.100698 0.007974 -0.011441 0.999903 -0.626983
0.953209 -0.302176 -0.009109 7.720840 0.302275 0.953133 0.012958 75.464882 0.004767 -0.015105 0.999875 -0.617462
0.966606 -0.256229 -0.004357 8.882343 0.256265 0.966515 0.013324 75.778175 0.000797 -0.013995 0.999902 -0.595593
0.977944 -0.208867 0.000009 10.762474 0.208818 0.977716 0.021597 76.229180 -0.004520 -0.021119 0.999767 -0.596442
0.985830 -0.167743 0.001419 12.786085 0.167666 0.985573 0.023107 76.603532 -0.005275 -0.022542 0.999732 -0.583478
0.991500 -0.130021 -0.004723 14.939308 0.130099 0.991187 0.024935 76.919017 0.001439 -0.025337 0.999678 -0.572252
0.994339 -0.106158 -0.004559 17.213943 0.106241 0.994000 0.026023 77.172258 0.001769 -0.026360 0.999651 -0.547467
0.995566 -0.093833 0.006567 19.524673 0.093591 0.995141 0.030590 77.411277 -0.009406 -0.029840 0.999510 -0.527037
0.996224 -0.086154 0.010691 21.839447 0.085838 0.995938 0.027187 77.616058 -0.012990 -0.026166 0.999573 -0.517587
0.996895 -0.078701 0.002647 24.134331 0.078603 0.996554 0.026498 77.810979 -0.004723 -0.026208 0.999645 -0.508694
0.997310 -0.072937 -0.007229 26.408566 0.073118 0.996898 0.029114 78.003556 0.005083 -0.029564 0.999550 -0.478409
0.997800 -0.066199 0.003634 28.686498 0.066046 0.997283 0.032639 78.180021 -0.005785 -0.032327 0.999461 -0.447200
0.998024 -0.062774 0.002817 30.950356 0.062666 0.997613 0.028987 78.332793 -0.004630 -0.028754 0.999576 -0.421563
0.998174 -0.060349 0.002615 33.239741 0.060250 0.997776 0.028514 78.483384 -0.004330 -0.028305 0.999590 -0.404626
0.998108 -0.061446 0.002036 34.785617 0.061365 0.997726 0.027878 78.587952 -0.003744 -0.027700 0.999609 -0.393070
0.997798 -0.066272 0.002629 36.358481 0.066173 0.997419 0.027853 78.698665 -0.004468 -0.027618 0.999609 -0.382533
0.997274 -0.073531 -0.006172 38.751640 0.073697 0.996721 0.033418 78.896413 0.003694 -0.033782 0.999422 -0.362755
0.996977 -0.077457 -0.006150 40.390678 0.077616 0.996458 0.032368 79.032736 0.003621 -0.032748 0.999457 -0.342596
0.996586 -0.082561 0.000083 42.906340 0.082521 0.996138 0.029983 79.248030 -0.002558 -0.029874 0.999550 -0.310365
0.996512 -0.083137 0.007206 44.608499 0.082891 0.996122 0.029479 79.402275 -0.009629 -0.028779 0.999539 -0.299633
0.996820 -0.079411 0.006620 46.336193 0.079159 0.996341 0.032217 79.550519 -0.009154 -0.031591 0.999459 -0.297202
0.997264 -0.073825 0.003849 48.951176 0.073702 0.996945 0.025871 79.757315 -0.005747 -0.025516 0.999658 -0.280120
0.997369 -0.071982 0.008560 50.704501 0.071788 0.997196 0.021114 79.885524 -0.010056 -0.020444 0.999740 -0.272338
0.997527 -0.070010 0.006269 52.446681 0.069861 0.997325 0.021490 80.020565 -0.007757 -0.020999 0.999749 -0.260981
0.997679 -0.067286 -0.010428 55.017211 0.067588 0.997200 0.032003 80.232840 0.008245 -0.032634 0.999433 -0.224063
0.997724 -0.067330 0.003751 57.606802 0.067198 0.997341 0.028190 80.419212 -0.005639 -0.027874 0.999596 -0.178684
0.997437 -0.070912 0.009486 59.295830 0.070651 0.997175 0.025518 80.542020 -0.011268 -0.024783 0.999629 -0.169300
0.996967 -0.077765 0.003091 61.786431 0.077676 0.996723 0.022587 80.735827 -0.004837 -0.022279 0.999740 -0.137746
0.996400 -0.084691 -0.003860 63.413772 0.084761 0.996101 0.024474 80.888020 0.001772 -0.024713 0.999693 -0.125308
0.995495 -0.094588 -0.006561 65.854790 0.094760 0.994893 0.034749 81.144506 0.003241 -0.035214 0.999375 -0.074788
0.994698 -0.102765 0.003917 67.460840 0.102544 0.994005 0.037928 81.320347 -0.007791 -0.037325 0.999273 -0.053311
0.993453 -0.113938 0.008343 69.042555 0.113536 0.992780 0.038687 81.506646 -0.012690 -0.037487 0.999217 -0.034262
0.991959 -0.125994 0.011945 70.615197 0.125498 0.991447 0.035807 81.704458 -0.016354 -0.034021 0.999287 -0.032190
0.990460 -0.137621 0.007064 72.154805 0.137204 0.989636 0.042385 81.938730 -0.012824 -0.041011 0.999076 -0.028926
0.988063 -0.153903 0.006682 74.464408 0.153476 0.987204 0.043280 82.304412 -0.013258 -0.041738 0.999041 -0.027353
0.985934 -0.166567 0.013788 75.988316 0.165890 0.985301 0.040784 82.567279 -0.020379 -0.037923 0.999073 -0.026591
0.981663 -0.190622 0.001230 78.232833 0.190452 0.981025 0.036307 82.992950 -0.008128 -0.035407 0.999340 -0.025478
0.974375 -0.224332 0.016378 80.451917 0.223583 0.973927 0.038428 83.498771 -0.024571 -0.033781 0.999127 -0.035634
0.968851 -0.247164 0.015390 81.905974 0.246373 0.968306 0.041039 83.881732 -0.025045 -0.035969 0.999039 -0.039571
0.959081 -0.283097 0.004532 84.033940 0.282734 0.958456 0.037732 84.501212 -0.015025 -0.034906 0.999278 -0.061969
0.951602 -0.306861 0.017047 85.475244 0.306018 0.951196 0.039745 84.959926 -0.028411 -0.032605 0.999064 -0.066579
0.943582 -0.330935 0.011628 86.875766 0.330362 0.943190 0.035396 85.446092 -0.022681 -0.029558 0.999306 -0.080491
0.934865 -0.355001 -0.001138 88.990342 0.354903 0.934520 0.026762 86.235072 -0.008437 -0.025422 0.999641 -0.085881
0.928925 -0.370267 -0.001225 90.396033 0.370123 0.928460 0.031159 86.809387 -0.010400 -0.029398 0.999514 -0.086608
0.922851 -0.384961 0.012323 91.810311 0.384364 0.922530 0.034681 87.397462 -0.024719 -0.027269 0.999322 -0.098165
0.917956 -0.396487 0.012423 93.207080 0.395543 0.917243 0.047017 88.032082 -0.030037 -0.038245 0.998817 -0.119727
0.913617 -0.406571 -0.001678 94.596290 0.406302 0.912846 0.040373 88.657741 -0.014883 -0.037567 0.999183 -0.126188
0.907243 -0.420582 0.004642 96.718217 0.419945 0.906378 0.046101 89.656255 -0.023597 -0.039875 0.998926 -0.152989
0.902648 -0.430375 -0.002197 98.117499 0.430068 0.901787 0.042687 90.330261 -0.016390 -0.039476 0.999086 -0.157095
0.898022 -0.439808 -0.011213 99.492201 0.439870 0.897076 0.042060 91.016302 -0.008439 -0.042703 0.999052 -0.161003
0.893930 -0.448166 -0.006055 100.871022 0.447957 0.892898 0.045475 91.718786 -0.014974 -0.043363 0.998947 -0.161294
0.889351 -0.457187 -0.005858 102.240287 0.456968 0.888351 0.044853 92.432639 -0.015302 -0.042567 0.998976 -0.159046
0.882856 -0.469617 -0.005117 104.252231 0.469370 0.881915 0.043789 93.506416 -0.016051 -0.041061 0.999028 -0.158384
0.878211 -0.478203 -0.008130 105.566082 0.478101 0.877315 0.041680 94.228555 -0.012800 -0.040491 0.999098 -0.155528
0.874019 -0.485687 -0.014122 106.852566 0.485857 0.873240 0.037350 94.949856 -0.005809 -0.039506 0.999202 -0.146928
0.870198 -0.492688 -0.003744 108.149879 0.492385 0.869340 0.042496 95.692966 -0.017682 -0.038823 0.999090 -0.151105
0.866859 -0.498395 0.012566 109.405648 0.497514 0.866403 0.042722 96.411701 -0.032180 -0.030782 0.999008 -0.158137
0.863381 -0.504436 0.010864 110.597732 0.503717 0.862990 0.038950 97.111111 -0.029023 -0.028156 0.999182 -0.167335
0.860245 -0.509815 0.008237 111.720084 0.509251 0.859872 0.035814 97.780908 -0.025342 -0.026614 0.999325 -0.178966
0.856235 -0.516458 0.011546 113.294928 0.515853 0.855996 0.034145 98.737673 -0.027518 -0.023280 0.999350 -0.191991
0.853592 -0.520755 0.013948 114.235718 0.520160 0.853472 0.031926 99.310268 -0.028530 -0.019997 0.999393 -0.194277
0.851323 -0.524549 0.009858 115.093364 0.524059 0.851113 0.031132 99.850110 -0.024720 -0.021337 0.999467 -0.196615
0.841565 -0.540061 0.010119 116.600851 0.539773 0.841527 0.021852 100.805799 -0.020317 -0.012928 0.999710 -0.205789
0.825696 -0.563796 0.019003 117.813872 0.562862 0.825637 0.038851 101.660305 -0.037594 -0.021383 0.999064 -0.214790
0.795613 -0.605165 0.027862 118.765715 0.604338 0.796045 0.032977 102.366378 -0.042136 -0.009399 0.999068 -0.224250
0.695097 -0.718916 0.000022 119.852109 0.718530 0.694726 0.032718 103.517430 -0.023537 -0.022726 0.999465 -0.262005
0.538560 -0.842586 0.001153 120.642009 0.841664 0.538034 0.046049 104.771898 -0.039420 -0.023830 0.998939 -0.288307
0.391147 -0.920295 -0.007804 121.029311 0.919500 0.390421 0.045731 105.801759 -0.039039 -0.025064 0.998923 -0.306255
0.174756 -0.984554 -0.010682 121.282194 0.984081 0.174295 0.034732 107.218912 -0.032334 -0.016581 0.999340 -0.362465
-0.086425 -0.996257 -0.001777 121.188282 0.995460 -0.086427 0.039874 109.019701 -0.039879 0.001677 0.999203 -0.421227
-0.240475 -0.970650 0.003093 120.883502 0.969766 -0.240117 0.043561 110.228837 -0.041540 0.013475 0.999046 -0.462187
-0.380745 -0.924591 0.012842 120.369168 0.923851 -0.379778 0.047631 111.536283 -0.039162 0.029999 0.998782 -0.503633
-0.461803 -0.886834 0.016252 119.888777 0.886222 -0.460570 0.049856 112.439661 -0.036729 0.037427 0.998624 -0.536379
-0.547837 -0.836464 0.014212 118.964103 0.835946 -0.546675 0.048387 113.854723 -0.032704 0.038389 0.998728 -0.588043
-0.579780 -0.814693 0.011471 118.240690 0.814184 -0.578768 0.046167 114.849220 -0.030973 0.036107 0.998868 -0.621495
-0.609155 -0.792965 0.011691 117.043709 0.792402 -0.607994 0.049424 116.423048 -0.032083 0.039371 0.998709 -0.667536
-0.621008 -0.783739 0.010047 116.165678 0.783121 -0.619882 0.049676 117.516006 -0.032705 0.038717 0.998715 -0.704679
-0.628873 -0.777440 0.010281 115.234673 0.776795 -0.627675 0.051119 118.658431 -0.033289 0.040133 0.998640 -0.742420
-0.632828 -0.774216 0.010846 113.760404 0.773571 -0.631572 0.052007 120.457008 -0.033414 0.041302 0.998588 -0.804531
-0.634440 -0.772874 0.012289 112.717219 0.772308 -0.633156 0.051507 121.717661 -0.032027 0.042169 0.998597 -0.845825
-0.636348 -0.771361 0.007924 111.079036 0.770524 -0.635101 0.054214 123.682409 -0.036786 0.040604 0.998498 -0.917459
-0.637606 -0.770309 0.009102 109.948186 0.769554 -0.636350 0.053350 125.035565 -0.035304 0.041020 0.998534 -0.961545
-0.639719 -0.768459 0.015167 108.190236 0.767892 -0.638145 0.055792 127.147254 -0.033195 0.047338 0.998327 -1.029634
-0.641898 -0.766552 0.019112 106.973832 0.766325 -0.640441 0.050794 128.589425 -0.026696 0.047250 0.998526 -1.071595
-0.642150 -0.766409 0.016151 105.077324 0.766193 -0.641016 0.045241 130.813606 -0.024320 0.041427 0.998846 -1.119860
-0.642312 -0.766334 0.012990 103.797855 0.765869 -0.641081 0.049596 132.333484 -0.029679 0.041804 0.998685 -1.149718
-0.642480 -0.766209 0.011962 101.875010 0.765574 -0.641111 0.053604 134.606879 -0.033403 0.043597 0.998491 -1.202911
-0.642954 -0.765841 0.009832 100.588690 0.765109 -0.641649 0.053807 136.117156 -0.034899 0.042118 0.998503 -1.242019
-0.643897 -0.765068 0.008276 99.299892 0.764195 -0.642557 0.055921 137.634599 -0.037466 0.042331 0.998401 -1.286961
-0.644856 -0.764250 0.009112 98.009310 0.763423 -0.643494 0.055686 139.156472 -0.036695 0.042866 0.998407 -1.329431
-0.647682 -0.761844 0.010060 96.082711 0.761051 -0.646267 0.056041 141.407302 -0.036193 0.043953 0.998378 -1.391093
-0.648750 -0.760944 0.009387 94.799748 0.760198 -0.647448 0.053955 142.897074 -0.034980 0.042140 0.998499 -1.429448
-0.649005 -0.760759 0.006188 93.525299 0.759961 -0.647904 0.051759 144.377052 -0.035367 0.038294 0.998640 -1.469869
-0.647312 -0.762207 0.005223 92.241553 0.761446 -0.646327 0.049612 145.864345 -0.034439 0.036091 0.998755 -1.511154
-0.644709 -0.764411 0.005056 90.966285 0.763686 -0.643778 0.048314 147.358124 -0.033677 0.035010 0.998819 -1.549129
-0.642210 -0.766526 0.002130 89.066892 0.765104 -0.640845 0.062712 149.621542 -0.046706 0.041904 0.998029 -1.622412
-0.641473 -0.767137 0.003546 87.801748 0.765817 -0.640083 0.061785 151.117709 -0.045128 0.042349 0.998083 -1.679944
-0.641249 -0.767307 0.006348 86.534978 0.766256 -0.639889 0.058247 152.615563 -0.040632 0.042215 0.998282 -1.736643
-0.642330 -0.766410 0.005355 84.654986 0.765176 -0.640865 0.061629 154.847823 -0.043802 0.043684 0.998085 -1.819386
-0.643419 -0.765495 0.005513 83.403830 0.764273 -0.641948 0.061564 156.320941 -0.043588 0.043825 0.998088 -1.871915
-0.644577 -0.764536 0.002352 82.153993 0.762882 -0.642974 0.067797 157.794239 -0.050321 0.045495 0.997696 -1.931902
-0.646127 -0.763216 0.004644 80.295135 0.761681 -0.644416 0.067595 159.974050 -0.048597 0.047212 0.997702 -2.025930
-0.645632 -0.763644 0.002611 79.049802 0.762201 -0.644194 0.063746 161.429160 -0.046997 0.043147 0.997963 -2.090475
-0.643836 -0.765163 -0.000541 77.203637 0.763687 -0.642639 0.061621 163.582531 -0.047498 0.039260 0.998099 -2.177024
-0.642825 -0.766013 -0.000585 75.989693 0.764576 -0.641666 0.060723 165.015134 -0.046890 0.038587 0.998154 -2.232788
-0.641151 -0.767412 0.002038 74.192445 0.765967 -0.639776 0.063102 167.154413 -0.047121 0.042019 0.998005 -2.320969
-0.640533 -0.767923 0.003398 73.004939 0.766579 -0.639136 0.062150 168.569417 -0.045555 0.042414 0.998061 -2.372062
-0.638514 -0.769586 0.006140 71.259151 0.768522 -0.637167 0.058239 170.646192 -0.040907 0.041905 0.998284 -2.446702
-0.638400 -0.769693 0.004300 70.124533 0.768547 -0.637123 0.058402 172.003020 -0.042212 0.040589 0.998284 -2.486166
-0.638403 -0.769690 0.004425 68.480322 0.768562 -0.637133 0.058079 173.966866 -0.041884 0.040479 0.998302 -2.546469
-0.638684 -0.769463 0.003208 66.910550 0.768256 -0.637436 0.058806 175.835220 -0.043204 0.040023 0.998264 -2.602195
-0.638865 -0.769318 0.001014 65.890721 0.767867 -0.637577 0.062256 177.050134 -0.047248 0.040552 0.998060 -2.645867
-0.639068 -0.769150 0.001002 64.903526 0.767496 -0.637607 0.066392 178.233323 -0.050427 0.043198 0.997793 -2.689301
-0.640930 -0.767595 0.002555 63.492686 0.765848 -0.639240 0.069631 179.916927 -0.051815 0.046586 0.997570 -2.759729
-0.643758 -0.765208 0.005598 62.607711 0.763552 -0.641847 0.070860 180.973999 -0.050630 0.049891 0.997471 -2.802313
-0.652470 -0.757736 0.010961 61.740723 0.756266 -0.650144 0.073310 181.990722 -0.048423 0.056122 0.997249 -2.844425
-0.678158 -0.734766 0.014896 60.470390 0.733376 -0.675285 0.078429 183.409395 -0.047568 0.064112 0.996808 -2.898235
-0.704650 -0.709316 0.018399 59.610991 0.708051 -0.701232 0.083294 184.290340 -0.046180 0.071721 0.996355 -2.931621
-0.757111 -0.653078 0.016495 58.303105 0.651812 -0.753466 0.086199 185.476552 -0.043866 0.076014 0.996141 -2.973599
-0.798345 -0.602133 0.009000 57.383032 0.600676 -0.795173 0.083000 186.143012 -0.042820 0.071669 0.996509 -2.997792
-0.866442 -0.499277 -0.000552 56.007152 0.497684 -0.863764 0.078886 186.954687 -0.039862 0.068075 0.996884 -3.018330
-0.909264 -0.416156 -0.007299 55.070438 0.415017 -0.907829 0.060057 187.331247 -0.031619 0.051578 0.998168 -3.034000
-0.959666 -0.281052 -0.007172 53.652655 0.280546 -0.958978 0.040676 187.728284 -0.018310 0.037023 0.999147 -3.042753
-0.990822 -0.134342 -0.014995 52.218246 0.133822 -0.990505 0.031480 187.915794 -0.019081 0.029185 0.999392 -3.039607
-0.999566 0.018356 -0.023039 50.808943 -0.018885 -0.999558 0.022968 187.869196 -0.022607 0.023394 0.999471 -3.060866
-0.963210 0.268332 -0.014953 48.610369 -0.268694 -0.962641 0.033561 187.391041 -0.005389 0.036344 0.999325 -3.047153
-0.915294 0.402423 -0.017084 47.385931 -0.402783 -0.914596 0.035760 186.843856 -0.001235 0.039612 0.999214 -3.033715
-0.833812 0.551146 -0.031560 45.365147 -0.551980 -0.833248 0.031893 185.591638 -0.008720 0.044013 0.998993 -3.007214
-0.803592 0.594470 -0.029076 44.173981 -0.595149 -0.803098 0.028847 184.697086 -0.006203 0.040486 0.999161 -2.989659
-0.791658 0.610498 -0.023873 43.363170 -0.610960 -0.791202 0.026984 184.060542 -0.002415 0.035947 0.999351 -2.985783
-0.781203 0.623777 -0.024971 42.085933 -0.624277 -0.780559 0.031726 183.038625 0.000299 0.040373 0.999185 -2.964695
-0.777554 0.628536 -0.018796 41.205878 -0.628809 -0.777051 0.028115 182.300691 0.003065 0.033680 0.999428 -2.950316
-0.775835 0.630619 -0.019992 40.283933 -0.630932 -0.775325 0.028225 181.537013 0.002299 0.034512 0.999402 -2.947576
-0.776741 0.629567 -0.017883 38.825899 -0.629782 -0.776067 0.033088 180.342633 0.006953 0.036963 0.999292 -2.923219
-0.777513 0.628845 -0.005293 37.799813 -0.628623 -0.776949 0.034400 179.495516 0.017520 0.030073 0.999394 -2.906657
-0.778083 0.628096 -0.008999 36.708700 -0.627970 -0.777415 0.035763 178.612633 0.015467 0.033478 0.999320 -2.874024
-0.777964 0.628271 -0.006869 35.581437 -0.628203 -0.777586 0.026846 177.678536 0.011526 0.025200 0.999616 -2.850464
-0.778065 0.628036 -0.013652 33.768449 -0.628178 -0.777782 0.021135 176.204348 0.002655 0.025020 0.999683 -2.817804
-0.777611 0.628661 -0.010310 32.496086 -0.628738 -0.777422 0.017411 175.148592 0.002930 0.020021 0.999795 -2.803608
-0.776683 0.629821 -0.009422 31.186525 -0.629877 -0.776477 0.018425 174.084001 0.004289 0.020245 0.999786 -2.778267
-0.776862 0.629368 -0.019551 29.823388 -0.629666 -0.776609 0.019970 172.984710 -0.002615 0.027824 0.999609 -2.774246
-0.776843 0.629445 -0.017682 27.745052 -0.629676 -0.776305 0.029299 171.304116 0.004716 0.033895 0.999414 -2.743127
-0.777924 0.628128 -0.017003 25.575177 -0.628335 -0.777380 0.029586 169.538849 0.005366 0.033699 0.999418 -2.708402
-0.778842 0.626662 -0.026461 23.379879 -0.627217 -0.778283 0.029577 167.764916 -0.002059 0.039632 0.999212 -2.670250
-0.778871 0.626156 -0.035886 21.912760 -0.627143 -0.778195 0.033227 166.598974 -0.007121 0.048385 0.998803 -2.644813
-0.779124 0.624966 -0.048810 19.718588 -0.626647 -0.778558 0.034082 164.842619 -0.016701 0.057141 0.998226 -2.641141
-0.780714 0.623886 -0.035395 18.290606 -0.624886 -0.779616 0.041432 163.679723 -0.001745 0.054464 0.998514 -2.626796
-0.782492 0.621494 -0.038101 16.129724 -0.622650 -0.781373 0.041992 161.946093 -0.003674 0.056582 0.998391 -2.594343
-0.788927 0.613440 -0.035850 13.995800 -0.614452 -0.788159 0.035419 160.231279 -0.006528 0.049972 0.998729 -2.564626
-0.809635 0.585806 -0.036357 11.838178 -0.586871 -0.808896 0.035627 158.607697 -0.008539 0.050182 0.998704 -2.539588
-0.831193 0.554208 -0.044401 10.369597 -0.555756 -0.830487 0.037787 157.611942 -0.015933 0.056085 0.998299 -2.531412
-0.874564 0.482282 -0.050411 8.094655 -0.484423 -0.873610 0.046262 156.263806 -0.021729 0.064879 0.997657 -2.544633
-0.918321 0.393399 -0.043854 5.741724 -0.395454 -0.916655 0.057968 155.163426 -0.017394 0.070576 0.997355 -2.560226
-0.953261 0.301125 -0.024854 3.332541 -0.302088 -0.951488 0.058424 154.290765 -0.006056 0.063202 0.997982 -2.563313
-0.968418 0.248385 -0.021699 1.670970 -0.249252 -0.966630 0.059162 153.833826 -0.006279 0.062702 0.998013 -2.556642
-0.981689 0.188879 -0.024737 -0.891567 -0.190031 -0.980048 0.058258 153.274187 -0.013239 0.061892 0.997995 -2.558194
-0.990323 0.136934 -0.022592 -3.554681 -0.138031 -0.988748 0.057665 152.846760 -0.014442 0.060226 0.998080 -2.566065
-0.993932 0.104992 -0.032798 -6.319208 -0.107138 -0.991595 0.072534 152.549150 -0.024907 0.075608 0.996827 -2.591032
-0.994298 0.099060 -0.039489 -9.144803 -0.101674 -0.992291 0.070854 152.256047 -0.032166 0.074465 0.996705 -2.655860
-0.994660 0.098134 -0.031963 -12.063958 -0.099726 -0.993616 0.052751 151.920977 -0.026582 0.055657 0.998096 -2.712096
-0.994294 0.100436 -0.035951 -15.081376 -0.102125 -0.993579 0.048700 151.592083 -0.030829 0.052093 0.998166 -2.766771
-0.994150 0.103412 -0.031167 -18.160519 -0.104710 -0.993556 0.043384 151.249695 -0.026480 0.046394 0.998572 -2.819832
-0.994472 0.100432 -0.030642 -21.300575 -0.101542 -0.994140 0.037088 150.898842 -0.026737 0.039994 0.998842 -2.865864
-0.994820 0.096106 -0.033114 -24.464339 -0.097272 -0.994621 0.035601 150.572078 -0.029515 0.038638 0.998817 -2.905362
-0.994995 0.093261 -0.035891 -27.613381 -0.094483 -0.994946 0.034002 150.251747 -0.032539 0.037223 0.998777 -2.950794
-0.995228 0.091974 -0.032586 -29.684981 -0.093010 -0.995156 0.031845 150.041999 -0.029499 0.034724 0.998961 -2.984132
-0.995649 0.086387 -0.034935 -32.794130 -0.087443 -0.995720 0.029930 149.744718 -0.032200 0.032855 0.998941 -3.029827
-0.996130 0.080820 -0.034543 -34.857778 -0.081785 -0.996270 0.027507 149.560405 -0.032191 0.030225 0.999025 -3.061832
-0.996597 0.074662 -0.034936 -36.905908 -0.075583 -0.996805 0.025838 149.385826 -0.032896 0.028390 0.999055 -3.095082
-0.996886 0.069219 -0.037780 -38.943409 -0.070253 -0.997171 0.026749 149.228993 -0.035822 0.029320 0.998928 -3.131757
-0.997204 0.064420 -0.037863 -40.970862 -0.065450 -0.997500 0.026632 149.081821 -0.036053 0.029035 0.998928 -3.168854
-0.997494 0.059871 -0.037696 -44.011818 -0.060865 -0.997813 0.025793 148.877411 -0.036069 0.028023 0.998956 -3.231604
-0.997872 0.058436 -0.028914 -47.976674 -0.059154 -0.997945 0.024627 148.614958 -0.027415 0.026285 0.999278 -3.288330
-0.997750 0.059541 -0.030827 -49.947683 -0.060344 -0.997844 0.025802 148.493096 -0.029224 0.027604 0.999192 -3.316847
-0.997582 0.061219 -0.032892 -51.909209 -0.062130 -0.997691 0.027421 148.370004 -0.031137 0.029398 0.999083 -3.342480
-0.997440 0.062918 -0.033992 -53.850129 -0.063840 -0.997602 0.026746 148.236914 -0.032228 0.028848 0.999064 -3.370236
-0.997332 0.065485 -0.032246 -55.790138 -0.066387 -0.997409 0.027723 148.097681 -0.030347 0.029789 0.999095 -3.398818
-0.996996 0.071048 -0.030826 -57.694461 -0.071907 -0.997026 0.027708 147.956473 -0.028765 0.029842 0.999141 -3.425656
-0.996736 0.075211 -0.029336 -59.585034 -0.076044 -0.996701 0.028376 147.804945 -0.027105 0.030514 0.999167 -3.441271
-0.996553 0.076655 -0.031733 -61.442768 -0.077540 -0.996606 0.027643 147.650531 -0.029506 0.030008 0.999114 -3.463967
-0.996562 0.075193 -0.034801 -63.271287 -0.076099 -0.996775 0.025485 147.499748 -0.032773 0.028045 0.999069 -3.487998
-0.996798 0.071917 -0.034966 -65.052840 -0.072760 -0.997074 0.023456 147.353919 -0.033176 0.025925 0.999113 -3.512152
-0.997813 0.055505 -0.035899 -67.599772 -0.056363 -0.998137 0.023343 147.179779 -0.034536 0.025315 0.999083 -3.550115
-0.998491 0.039826 -0.037803 -69.201839 -0.040877 -0.998787 0.027445 147.106386 -0.036664 0.028949 0.998908 -3.579323
-0.998945 0.024171 -0.039058 -70.712459 -0.025457 -0.999139 0.032753 147.067148 -0.038233 0.033713 0.998700 -3.598680
-0.999156 0.009812 -0.039890 -72.121998 -0.011200 -0.999334 0.034730 147.047204 -0.039522 0.035148 0.998600 -3.624358
-0.999218 -0.008008 -0.038710 -74.035099 0.006531 -0.999251 0.038154 147.052737 -0.038987 0.037872 0.998522 -3.660537
-0.998912 -0.021745 -0.041257 -75.704015 0.020011 -0.998918 0.041987 147.086500 -0.042125 0.041116 0.998266 -3.691036
-0.998536 -0.031808 -0.043760 -77.108871 0.029837 -0.998543 0.044965 147.132203 -0.045127 0.043593 0.998030 -3.715239
-0.998300 -0.035122 -0.046516 -78.534264 0.032889 -0.998309 0.047937 147.176752 -0.048121 0.046326 0.997767 -3.752137
-0.998813 -0.024885 -0.041876 -79.680406 0.023153 -0.998877 0.041344 147.186381 -0.042857 0.040326 0.998267 -3.771383
-0.999216 -0.003923 -0.039404 -80.841367 0.002352 -0.999204 0.039824 147.185859 -0.039529 0.039700 0.998429 -3.799518
-0.995798 0.083792 -0.036939 -81.788690 -0.084973 -0.995880 0.031652 147.073346 -0.034134 0.034658 0.998816 -3.820434
-0.968415 0.247171 -0.032832 -82.562504 -0.248056 -0.968389 0.026295 146.805580 -0.025295 0.033609 0.999115 -3.833925
-0.907957 0.416312 -0.047951 -83.738337 -0.417696 -0.908288 0.023327 146.262470 -0.033842 0.041209 0.998577 -3.848215
-0.803893 0.593271 -0.042251 -84.787226 -0.594355 -0.803962 0.019654 145.459651 -0.022308 0.040912 0.998914 -3.867121
-0.662443 0.748069 -0.039513 -85.821450 -0.749094 -0.661873 0.027978 144.319340 -0.005223 0.048132 0.998827 -3.887506
-0.534388 0.844039 -0.045038 -86.609622 -0.845230 -0.533872 0.023809 143.101097 -0.003949 0.050791 0.998702 -3.888940
-0.438932 0.896845 -0.054850 -87.090046 -0.898479 -0.438681 0.017174 142.113188 -0.008660 0.056820 0.998347 -3.887813
-0.287903 0.955494 -0.064365 -87.656250 -0.957581 -0.288088 0.006597 140.400838 -0.012239 0.063534 0.997905 -3.888884
-0.193495 0.978720 -0.068310 -87.917813 -0.981063 -0.193636 0.004622 139.123247 -0.008704 0.067911 0.997653 -3.887957
-0.119715 0.990604 -0.066121 -88.090115 -0.992806 -0.119575 0.006094 137.738221 -0.001870 0.066375 0.997793 -3.892141
-0.053359 0.996492 -0.064468 -88.234114 -0.998549 -0.052776 0.010702 135.418537 0.007262 0.064946 0.997862 -3.874185
-0.024602 0.997402 -0.067711 -88.286342 -0.999622 -0.023711 0.013941 133.764869 0.012299 0.068029 0.997608 -3.852488
0.003739 0.997695 -0.067761 -88.285415 -0.999789 0.005099 0.019907 132.027948 0.020206 0.067673 0.997503 -3.813592
0.025698 0.997809 -0.060968 -88.224249 -0.999421 0.027003 0.020690 130.193623 0.022291 0.060401 0.997925 -3.772799
0.033678 0.997991 -0.053671 -88.137293 -0.999170 0.034851 0.021069 128.269272 0.022897 0.052917 0.998336 -3.720401
0.035786 0.997899 -0.054010 -88.062620 -0.999142 0.036855 0.018917 126.255980 0.020868 0.053286 0.998361 -3.670186
0.042718 0.997604 -0.054428 -87.972203 -0.998876 0.043765 0.018183 124.171693 0.020521 0.053590 0.998352 -3.619941
0.051758 0.997189 -0.054177 -87.856983 -0.998430 0.052833 0.018593 122.011064 0.021403 0.053130 0.998358 -3.563602
0.061601 0.996614 -0.054465 -87.719792 -0.997917 0.062547 0.015825 119.784047 0.019178 0.053377 0.998390 -3.501359
0.071023 0.995906 -0.055924 -87.556681 -0.997386 0.071653 0.009327 117.497099 0.013296 0.055115 0.998391 -3.448029
0.071524 0.996112 -0.051435 -87.283310 -0.997320 0.072215 0.011714 113.954393 0.015382 0.050460 0.998608 -3.364724
0.070080 0.996044 -0.054627 -87.107568 -0.997481 0.070575 0.007180 111.544346 0.011007 0.053986 0.998481 -3.311933
0.069010 0.996059 -0.055719 -86.936114 -0.997579 0.069379 0.004708 109.151726 0.008555 0.055259 0.998435 -3.254394
0.067508 0.996165 -0.055659 -86.764841 -0.997674 0.067925 0.005644 106.768228 0.009403 0.055149 0.998434 -3.193927
0.066207 0.996333 -0.054192 -86.597849 -0.997742 0.066720 0.007699 104.389262 0.011286 0.053559 0.998501 -3.132294
0.064599 0.996542 -0.052264 -86.346892 -0.997874 0.064963 0.005282 100.816443 0.008659 0.051812 0.998619 -3.044867
0.063445 0.996597 -0.052618 -86.192137 -0.997922 0.063947 0.007898 98.460183 0.011236 0.052007 0.998583 -2.977144
0.062779 0.996780 -0.049886 -86.034146 -0.998009 0.063001 0.002897 96.112772 0.006030 0.049605 0.998751 -2.926105
0.061785 0.997037 -0.045834 -85.794918 -0.998074 0.061977 0.002780 92.613738 0.005612 0.045574 0.998945 -2.854462
0.061064 0.997144 -0.044448 -85.642598 -0.998121 0.061227 0.002306 90.302117 0.005020 0.044223 0.999009 -2.807289
0.061001 0.997061 -0.046343 -85.498774 -0.998130 0.061116 0.001081 87.999843 0.003910 0.046191 0.998925 -2.759196
0.061169 0.996861 -0.050265 -85.357202 -0.998103 0.061443 0.003919 85.703716 0.006995 0.049930 0.998728 -2.709057
0.068391 0.996186 -0.054180 -85.132789 -0.997648 0.068537 0.000840 82.286737 0.004551 0.053995 0.998531 -2.631170
0.074328 0.995909 -0.051393 -84.953038 -0.997222 0.074480 0.001046 80.022262 0.004869 0.051173 0.998678 -2.585144
0.079568 0.995575 -0.050002 -84.769483 -0.996809 0.079785 0.002372 77.785752 0.006351 0.049654 0.998746 -2.535113
0.083322 0.995269 -0.049977 -84.579988 -0.996513 0.083439 0.000267 75.556623 0.004436 0.049781 0.998750 -2.487830
0.087297 0.995055 -0.047387 -84.275863 -0.996180 0.087296 -0.002088 72.234328 0.002059 0.047388 0.998874 -2.418618
0.086309 0.995258 -0.044862 -84.067469 -0.996266 0.086323 -0.001637 70.031955 0.002243 0.044836 0.998992 -2.378478
0.083366 0.995527 -0.044447 -83.874956 -0.996517 0.083372 -0.001711 67.839656 0.002002 0.044435 0.999010 -2.340454
0.078771 0.995635 -0.050071 -83.701011 -0.996887 0.078834 -0.000702 65.653254 0.003249 0.049970 0.998745 -2.298873
0.071981 0.995913 -0.054562 -83.455081 -0.997405 0.071965 -0.002264 62.381984 0.001672 0.054583 0.998508 -2.237564
0.067356 0.996356 -0.052322 -83.293570 -0.997729 0.067247 -0.003837 60.209944 -0.000304 0.052461 0.998623 -2.200798
0.063030 0.996750 -0.050171 -83.144182 -0.998008 0.063083 -0.000533 58.046125 0.002634 0.050105 0.998740 -2.163026
0.059548 0.996939 -0.050671 -83.007500 -0.998200 0.059833 0.004115 55.899084 0.007134 0.050335 0.998707 -2.121331
0.058246 0.996977 -0.051418 -82.873285 -0.998287 0.058450 0.002469 53.750164 0.005467 0.051186 0.998674 -2.076008
0.059628 0.997190 -0.045353 -82.662827 -0.998221 0.059564 -0.002768 50.537128 -0.000059 0.045437 0.998967 -2.015716
0.060836 0.997564 -0.034135 -82.436096 -0.998148 0.060826 -0.001345 47.337504 0.000734 0.034153 0.999416 -1.965325
0.061868 0.997633 -0.030015 -82.290584 -0.998079 0.061939 0.001450 45.218599 0.003306 0.029868 0.999548 -1.926184
0.063329 0.997437 -0.033287 -82.153178 -0.997993 0.063289 -0.002242 43.090454 -0.000130 0.033362 0.999443 -1.886878
0.065592 0.997097 -0.038662 -82.017149 -0.997827 0.065296 -0.008866 40.984357 -0.006316 0.039160 0.999213 -1.865174
0.067357 0.996931 -0.039885 -81.797849 -0.997725 0.067417 0.000145 37.832237 0.002834 0.039785 0.999204 -1.819394
0.068173 0.996819 -0.041278 -81.648990 -0.997668 0.068252 0.000498 35.744226 0.003314 0.041148 0.999148 -1.781913
0.067632 0.996706 -0.044749 -81.510387 -0.997679 0.067920 0.004939 33.665784 0.007962 0.044311 0.998986 -1.730578
0.066325 0.996616 -0.048551 -81.373441 -0.997776 0.066567 0.003369 31.599071 0.006589 0.048220 0.998815 -1.685469
0.063560 0.996802 -0.048425 -81.168657 -0.997976 0.063584 -0.001033 28.529077 0.002049 0.048393 0.998826 -1.621449
0.061316 0.997071 -0.045712 -81.030479 -0.998115 0.061366 -0.000309 26.495877 0.002497 0.045645 0.998955 -1.585047
0.059307 0.997209 -0.045343 -80.900226 -0.998239 0.059204 -0.003612 24.476452 -0.000918 0.045477 0.998965 -1.549543
0.056949 0.997283 -0.046721 -80.719158 -0.998376 0.056834 -0.003793 21.474881 -0.001127 0.046861 0.998901 -1.500812
0.055364 0.997502 -0.043874 -80.599381 -0.998460 0.055158 -0.005884 19.518298 -0.003449 0.044133 0.999020 -1.471560
0.053958 0.997630 -0.042690 -80.488420 -0.998527 0.053668 -0.007923 17.644729 -0.005613 0.043055 0.999057 -1.442492
0.054656 0.997623 -0.041968 -80.383586 -0.998477 0.054289 -0.009826 15.851127 -0.007524 0.042441 0.999071 -1.417209
0.059972 0.997337 -0.041489 -80.278920 -0.998183 0.059678 -0.008290 14.151005 -0.005792 0.041911 0.999105 -1.391902
0.068390 0.996925 -0.038253 -80.153696 -0.997646 0.068146 -0.007668 12.526387 -0.005038 0.038688 0.999239 -1.368703
0.080407 0.996006 -0.038816 -80.028541 -0.996760 0.080263 -0.005254 10.982057 -0.002117 0.039113 0.999233 -1.339872
0.100213 0.994068 -0.042257 -79.885054 -0.994964 0.100205 -0.002311 9.528123 0.001937 0.042276 0.999104 -1.308819
0.124692 0.991288 -0.042429 -79.715398 -0.992189 0.124736 -0.001613 8.167042 0.003694 0.042298 0.999098 -1.275690
0.153966 0.987109 -0.043703 -79.522458 -0.988073 0.153918 -0.004484 6.900123 0.002301 0.043872 0.999035 -1.241763
0.189199 0.981128 -0.039899 -79.286834 -0.981929 0.189220 -0.003282 5.731573 0.004330 0.039799 0.999198 -1.210171
0.230129 0.972438 -0.037484 -79.011352 -0.973140 0.230199 -0.002505 4.612470 0.006192 0.037053 0.999294 -1.178719
0.275637 0.960634 -0.034729 -78.699939 -0.961240 0.275694 -0.003234 3.562603 0.006468 0.034274 0.999392 -1.149292
0.330342 0.943279 -0.033163 -78.338801 -0.943800 0.330516 -0.000241 2.563846 0.010733 0.031379 0.999450 -1.121830
0.437372 0.898425 -0.039213 -77.696861 -0.899078 0.437783 0.002139 1.179243 0.019088 0.034320 0.999229 -1.075056
0.610346 0.791446 -0.033037 -76.539885 -0.791813 0.610756 0.003036 -0.414860 0.022580 0.024306 0.999450 -0.997430
0.792522 0.609464 -0.021510 -74.754844 -0.609379 0.792802 0.011039 -1.923458 0.023781 0.004359 0.999708 -0.905795
0.920463 0.390760 0.007365 -72.614756 -0.390826 0.920377 0.012731 -2.934836 -0.001804 -0.014597 0.999892 -0.836050
0.964400 0.264422 0.003602 -71.234453 -0.264446 0.964277 0.015411 -3.309611 0.000601 -0.015815 0.999875 -0.808462
0.992249 0.124199 0.004006 -68.724916 -0.124263 0.991823 0.029077 -3.653182 -0.000362 -0.029349 0.999569 -0.796485
0.997050 0.076757 0.000298 -67.092824 -0.076736 0.996669 0.027603 -3.780651 0.001822 -0.027545 0.999619 -0.777888
0.998808 0.048814 -0.000859 -65.936486 -0.048771 0.998428 0.027619 -3.827319 0.002205 -0.027544 0.999618 -0.769260
0.999961 0.008714 -0.001618 -64.078141 -0.008671 0.999656 0.024767 -3.852359 0.001833 -0.024752 0.999692 -0.751276
0.999940 -0.010070 -0.004370 -62.749787 0.010183 0.999596 0.026552 -3.825247 0.004101 -0.026595 0.999638 -0.739802
0.999714 -0.023133 -0.006074 -60.639039 0.023285 0.999386 0.026184 -3.768553 0.005465 -0.026318 0.999639 -0.717107
0.999575 -0.028935 -0.003641 -59.155863 0.029016 0.999276 0.024627 -3.722112 0.002926 -0.024722 0.999690 -0.694961
0.999267 -0.038150 0.003292 -56.867873 0.038071 0.999047 0.021346 -3.632740 -0.004103 -0.021205 0.999767 -0.667586
0.998965 -0.045082 0.006042 -55.339924 0.044965 0.998821 0.018319 -3.561325 -0.006861 -0.018028 0.999814 -0.655556
0.998626 -0.052010 0.006368 -53.805284 0.051905 0.998528 0.015740 -3.480442 -0.007178 -0.015388 0.999856 -0.644190
0.998172 -0.060105 0.006409 -51.513352 0.059999 0.998077 0.015556 -3.334806 -0.007331 -0.015143 0.999858 -0.625957
0.998064 -0.061881 0.006233 -49.987439 0.061768 0.997948 0.016839 -3.226043 -0.007262 -0.016421 0.999839 -0.615952
0.998006 -0.062604 0.008094 -47.699249 0.062465 0.997912 0.016450 -3.072686 -0.009107 -0.015912 0.999832 -0.598159
0.997984 -0.062643 0.010161 -46.183629 0.062475 0.997917 0.016094 -2.969496 -0.011148 -0.015426 0.999819 -0.587573
0.998068 -0.061409 0.009474 -43.930575 0.061245 0.997984 0.016658 -2.817332 -0.010478 -0.016046 0.999816 -0.574288
0.998233 -0.058685 0.009274 -42.450390 0.058525 0.998147 0.016679 -2.725246 -0.010236 -0.016106 0.999818 -0.563416
0.998414 -0.055087 0.011652 -40.282048 0.054916 0.998386 0.014470 -2.597549 -0.012430 -0.013808 0.999827 -0.542330
0.998524 -0.052546 0.013712 -38.885266 0.052329 0.998506 0.015715 -2.508887 -0.014517 -0.014974 0.999782 -0.542976
0.998693 -0.050804 0.005671 -36.883270 0.050694 0.998552 0.017973 -2.396324 -0.006576 -0.017662 0.999822 -0.519065
0.998733 -0.050166 0.004088 -35.577512 0.050070 0.998529 0.020818 -2.318305 -0.005126 -0.020587 0.999775 -0.509231
0.998799 -0.048969 0.001693 -33.670060 0.048919 0.998557 0.022141 -2.211299 -0.002775 -0.022031 0.999753 -0.484176
0.998798 -0.049003 0.001193 -32.417442 0.048961 0.998518 0.023764 -2.136245 -0.002355 -0.023677 0.999717 -0.472392
0.998693 -0.051031 0.002762 -30.555626 0.050959 0.998465 0.021722 -2.033334 -0.003866 -0.021553 0.999760 -0.445467
0.998543 -0.053942 0.001298 -29.324191 0.053904 0.998328 0.020861 -1.960810 -0.002421 -0.020761 0.999782 -0.428245
0.998244 -0.059238 0.000442 -27.499887 0.059218 0.998048 0.019815 -1.842962 -0.001615 -0.019754 0.999804 -0.405742
