1.000000 -0.000000 0.000000 0.000000 0.000000 1.000000 -0.000000 0.000000 -0.000000 0.000000 1.000000 0.000000
0.999998 0.000323 0.002067 1.525963 -0.000334 0.999987 0.005103 0.023809 -0.002065 -0.005103 0.999985 0.025157
0.999998 0.001074 0.001772 3.013502 -0.001088 0.999965 0.008324 0.035823 -0.001763 -0.008326 0.999964 0.049599
0.999995 0.001940 0.002685 4.430596 -0.001963 0.999960 0.008675 0.041455 -0.002668 -0.008680 0.999959 0.078276
0.999904 0.004702 0.013053 6.403013 -0.004813 0.999953 0.008433 0.046736 -0.013012 -0.008495 0.999879 0.107046
0.999853 0.007290 0.015531 7.592584 -0.007410 0.999943 0.007671 0.042291 -0.015474 -0.007785 0.999850 0.122666
0.999903 0.009235 0.010447 8.665392 -0.009327 0.999918 0.008733 0.039549 -0.010366 -0.008830 0.999907 0.129890
0.999852 0.016679 0.004140 10.482246 -0.016703 0.999845 0.005608 0.013643 -0.004046 -0.005676 0.999976 0.158611
0.999574 0.028816 0.004736 11.826904 -0.028824 0.999583 0.001680 -0.024813 -0.004686 -0.001816 0.999987 0.179805
0.999110 0.042022 0.003740 13.038503 -0.042037 0.999108 0.004072 -0.064336 -0.003566 -0.004226 0.999985 0.204461
0.998579 0.052096 -0.011237 14.253974 -0.052071 0.998640 0.002461 -0.130783 0.011350 -0.001872 0.999934 0.230172
0.999786 0.005884 -0.019822 15.274870 -0.005854 0.999982 0.001589 -0.130208 0.019831 -0.001473 0.999802 0.244587
0.989376 -0.143871 -0.020910 16.611080 0.143947 0.989583 0.002179 0.071937 0.020379 -0.005165 0.999779 0.273974
0.955624 -0.294504 -0.007101 17.690143 0.294557 0.955600 0.008104 0.419565 0.004399 -0.009836 0.999942 0.294633
0.859988 -0.510207 0.010421 19.156434 0.509851 0.859899 0.025032 1.262824 -0.021732 -0.016214 0.999632 0.304327
0.732398 -0.680831 0.007865 20.297241 0.680162 0.732110 0.037344 2.334569 -0.031183 -0.022001 0.999272 0.273621
0.611166 -0.791415 0.011768 21.111501 0.790675 0.611139 0.036646 3.378706 -0.036194 -0.013092 0.999259 0.238505
0.419305 -0.907725 0.014803 22.006707 0.907035 0.419564 0.035417 5.130457 -0.038359 -0.001424 0.999263 0.173415
0.258923 -0.965762 0.016196 22.462876 0.965060 0.259360 0.037311 6.709013 -0.040234 0.005969 0.999172 0.106345
0.159397 -0.986987 0.021173 22.663262 0.986115 0.160195 0.043761 7.868405 -0.046584 0.013903 0.998818 0.075450
0.074418 -0.997037 0.019471 22.768043 0.996242 0.075198 0.042969 9.133939 -0.044306 0.016200 0.998887 0.031292
0.009950 -0.999890 0.010998 22.773916 0.999213 0.010364 0.038287 10.468694 -0.038396 0.010609 0.999206 -0.033375
-0.032938 -0.999413 0.009414 22.697363 0.998187 -0.032420 0.050720 12.665229 -0.050385 0.011068 0.998669 -0.118751
-0.036797 -0.999188 0.016384 22.643965 0.998385 -0.036048 0.043904 14.212554 -0.043278 0.017973 0.998901 -0.201222
-0.022285 -0.999346 0.028468 22.568560 0.998928 -0.021102 0.041190 16.711466 -0.040562 0.029356 0.998746 -0.303104
-0.016640 -0.999395 0.030531 22.550113 0.999550 -0.015865 0.025462 18.443942 -0.024963 0.030941 0.999209 -0.321408
-0.016344 -0.999714 0.017482 22.496436 0.999770 -0.016097 0.014173 20.268570 -0.013888 0.017710 0.999747 -0.364626
-0.024304 -0.999701 0.002685 22.422491 0.999319 -0.024219 0.027850 22.188062 -0.027776 0.003360 0.999609 -0.418021
-0.031855 -0.999492 0.001101 22.321723 0.997989 -0.031747 0.054863 25.211359 -0.054800 0.002846 0.998493 -0.511178
-0.034845 -0.999392 0.001082 22.239849 0.997947 -0.034736 0.053798 27.251559 -0.053728 0.002954 0.998551 -0.599561
-0.047392 -0.998874 -0.002328 22.093323 0.998088 -0.047447 0.039611 30.336699 -0.039677 -0.000446 0.999212 -0.703115
-0.060282 -0.998175 -0.003675 21.955945 0.997378 -0.060381 0.039900 32.432916 -0.040049 -0.001260 0.999197 -0.768303
-0.077077 -0.996951 -0.012165 21.695766 0.995743 -0.077591 0.049752 35.613440 -0.050545 -0.008279 0.998687 -0.877445
-0.083195 -0.996293 -0.021896 21.393504 0.995065 -0.084245 0.052432 38.845350 -0.054082 -0.017426 0.998384 -1.006207
-0.086522 -0.995929 -0.025304 21.088396 0.994845 -0.087721 0.050875 42.080018 -0.052888 -0.020772 0.998384 -1.137072
-0.086767 -0.995625 -0.034679 20.864269 0.995133 -0.088251 0.043832 44.243453 -0.046701 -0.030707 0.998437 -1.220557
-0.082992 -0.995856 -0.037186 20.559388 0.995109 -0.084820 0.050626 47.565753 -0.053571 -0.032803 0.998025 -1.355062
-0.079084 -0.996273 -0.034441 20.373483 0.995488 -0.080744 0.049834 49.779200 -0.052429 -0.030345 0.998163 -1.435987
-0.063778 -0.996886 -0.046371 20.097553 0.996478 -0.066149 0.051528 53.127667 -0.054435 -0.042921 0.997594 -1.580439
-0.052035 -0.997551 -0.046737 19.949369 0.997248 -0.054380 0.050391 55.381973 -0.052809 -0.043986 0.997635 -1.672618
-0.035702 -0.998512 -0.041232 19.791401 0.997879 -0.037866 0.052943 58.791691 -0.054426 -0.039255 0.997746 -1.804288
-0.024256 -0.998830 -0.041846 19.707793 0.998196 -0.026498 0.053880 61.086270 -0.054925 -0.040463 0.997670 -1.907174
-0.012216 -0.999067 -0.041425 19.624165 0.998940 -0.014032 0.043833 64.520790 -0.044373 -0.040846 0.998180 -2.032366
-0.004942 -0.999108 -0.041938 19.574190 0.998910 -0.006879 0.046163 68.024970 -0.046410 -0.041664 0.998053 -2.157681
-0.001774 -0.999036 -0.043854 19.534319 0.998958 -0.003770 0.045476 71.545050 -0.045598 -0.043728 0.998002 -2.278791
-0.000830 -0.999243 -0.038888 19.527448 0.999020 -0.002549 0.044193 73.898519 -0.044259 -0.038813 0.998266 -2.355206
-0.000194 -0.999359 -0.035805 19.522036 0.998863 -0.001900 0.047631 76.267320 -0.047669 -0.035755 0.998223 -2.428774
0.000597 -0.999143 -0.041391 19.493524 0.998766 -0.001460 0.049644 79.817633 -0.049661 -0.041369 0.997909 -2.559385
0.001393 -0.999215 -0.039584 19.482221 0.998896 -0.000468 0.046971 82.166220 -0.046953 -0.039606 0.998112 -2.637192
0.002263 -0.999299 -0.037371 19.471565 0.998556 0.000253 0.053714 85.695072 -0.053667 -0.037439 0.997857 -2.759490
0.002265 -0.999316 -0.036916 19.459212 0.998704 0.000384 0.050885 89.192729 -0.050836 -0.036984 0.998022 -2.893418
0.002939 -0.999453 -0.032948 19.461681 0.998496 0.001130 0.054816 91.526549 -0.054749 -0.033060 0.997953 -2.980658
0.003319 -0.999491 -0.031739 19.457764 0.998235 0.001429 0.059366 93.855177 -0.059290 -0.031880 0.997732 -3.074995
0.004869 -0.999235 -0.038797 19.439066 0.998359 0.002644 0.057199 97.318996 -0.057053 -0.039011 0.997609 -3.232536
0.005593 -0.999237 -0.038651 19.431634 0.998519 0.003489 0.054299 100.776332 -0.054122 -0.038898 0.997776 -3.374891
0.005547 -0.999317 -0.036540 19.436489 0.998260 0.003389 0.058865 103.098642 -0.058701 -0.036803 0.997597 -3.473671
0.005327 -0.998828 -0.048104 19.409880 0.998283 0.002506 0.058528 106.590955 -0.058339 -0.048333 0.997126 -3.647740
0.003949 -0.998730 -0.050237 19.401219 0.998699 0.001384 0.050982 108.959819 -0.050847 -0.050373 0.997435 -3.748533
0.002174 -0.999130 -0.041656 19.408690 0.998768 0.000104 0.049630 111.343974 -0.049582 -0.041713 0.997899 -3.839352
0.000229 -0.999273 -0.038114 19.399057 0.998440 -0.001899 0.055799 114.965567 -0.055831 -0.038067 0.997714 -3.998324
-0.001239 -0.999237 -0.039042 19.381369 0.998837 -0.003118 0.048114 117.410194 -0.048199 -0.038937 0.998079 -4.103212
-0.002675 -0.999023 -0.044110 19.343777 0.998619 -0.004983 0.052295 121.141911 -0.052464 -0.043909 0.997657 -4.248130
-0.002259 -0.998387 -0.056730 19.300161 0.998396 -0.005462 0.056357 123.668028 -0.056576 -0.056512 0.996798 -4.360083
-0.003021 -0.998042 -0.062471 19.249295 0.998589 -0.006323 0.052735 127.447985 -0.053027 -0.062224 0.996653 -4.517622
-0.004182 -0.998151 -0.060634 19.213386 0.998313 -0.007679 0.057560 131.228839 -0.057919 -0.060291 0.996499 -4.662958
-0.004554 -0.998225 -0.059383 19.185384 0.998104 -0.008182 0.060998 133.738111 -0.061375 -0.058992 0.996370 -4.776910
-0.002181 -0.998289 -0.058428 19.161058 0.998217 -0.005659 0.059422 136.245267 -0.059651 -0.058194 0.996522 -4.894375
-0.000251 -0.998284 -0.058554 19.139434 0.998141 -0.003818 0.060821 138.745674 -0.060940 -0.058430 0.996430 -5.006094
0.003179 -0.998013 -0.062927 19.105086 0.997986 -0.000820 0.063428 142.468175 -0.063353 -0.063001 0.996001 -5.193149
0.002543 -0.998230 -0.059418 19.097996 0.998246 -0.000981 0.059200 144.948735 -0.059153 -0.059464 0.996476 -5.306825
0.002140 -0.998457 -0.055495 19.091313 0.998264 -0.001134 0.058888 147.419587 -0.058860 -0.055525 0.996721 -5.420262
0.001521 -0.998734 -0.050289 19.078300 0.998172 -0.001522 0.060412 151.111717 -0.060412 -0.050289 0.996906 -5.578495
0.000971 -0.998966 -0.045453 19.072874 0.998138 -0.001804 0.060974 153.574799 -0.060993 -0.045428 0.997104 -5.689864
0.001744 -0.998682 -0.051287 19.044368 0.997380 -0.001973 0.072320 157.253056 -0.072326 -0.051279 0.996062 -5.881765
0.004785 -0.998189 -0.059966 19.021423 0.997589 0.000613 0.069401 159.706433 -0.069238 -0.060154 0.995785 -6.022149
0.007661 -0.998163 -0.060099 19.013946 0.998215 0.004074 0.059582 163.341800 -0.059228 -0.060448 0.996413 -6.203215
0.007574 -0.998686 -0.050687 19.032491 0.998598 0.004898 0.052714 165.794870 -0.052396 -0.051015 0.997322 -6.301480
0.008503 -0.998788 -0.048488 19.038088 0.997884 0.005350 0.064797 169.459360 -0.064459 -0.048936 0.996720 -6.470885
0.011779 -0.998572 -0.052109 19.038712 0.998049 0.008545 0.061844 171.886036 -0.061310 -0.052735 0.996725 -6.589793
0.014772 -0.998593 -0.050922 19.063753 0.998094 0.011675 0.060590 175.472406 -0.059910 -0.051720 0.996863 -6.749083
0.018268 -0.998486 -0.051894 19.084565 0.997814 0.014910 0.064377 177.762291 -0.063506 -0.052956 0.996575 -6.848896
0.018811 -0.998402 -0.053296 19.102337 0.997615 0.015202 0.067332 179.930534 -0.066414 -0.054436 0.996306 -6.941493
0.019320 -0.998434 -0.052505 19.125585 0.997563 0.015728 0.067978 181.985042 -0.067046 -0.053690 0.996304 -7.028178
0.021371 -0.998375 -0.052819 19.171774 0.997568 0.017788 0.067396 184.863884 -0.066347 -0.054131 0.996327 -7.161080
0.013374 -0.998646 -0.050268 19.189481 0.998069 0.010283 0.061259 186.712987 -0.060659 -0.050990 0.996855 -7.236721
0.005035 -0.998507 -0.054383 19.185575 0.998347 0.001905 0.057449 188.548693 -0.057260 -0.054583 0.996866 -7.325878
0.000224 -0.998467 -0.055346 19.171185 0.998208 -0.003088 0.059758 190.389486 -0.059837 -0.055260 0.996677 -7.409633
-0.003795 -0.998683 -0.051158 19.153763 0.998091 -0.006937 0.061378 193.124842 -0.061652 -0.050828 0.996803 -7.521410
-0.004323 -0.998379 -0.056757 19.122499 0.998198 -0.007705 0.059502 194.927612 -0.059842 -0.056398 0.996613 -7.616473
-0.002248 -0.998232 -0.059400 19.084751 0.998576 -0.005407 0.053075 197.632132 -0.053302 -0.059196 0.996822 -7.738195
-0.001262 -0.998379 -0.056905 19.073598 0.998450 -0.004424 0.055478 199.488575 -0.055640 -0.056747 0.996837 -7.819651
-0.000486 -0.998750 -0.049976 19.063936 0.998742 -0.002991 0.050057 202.288330 -0.050144 -0.049889 0.997495 -7.930725
0.001388 -0.998472 -0.055239 19.046434 0.998532 -0.001607 0.054135 204.201654 -0.054141 -0.055233 0.997005 -8.031312
0.007852 -0.998595 -0.052414 19.046579 0.998190 0.004701 0.059959 207.131866 -0.059628 -0.052789 0.996824 -8.164504
0.010254 -0.998761 -0.048701 19.052328 0.997830 0.007053 0.065459 209.116209 -0.065034 -0.049266 0.996666 -8.252343
0.019839 -0.998318 -0.054471 19.066269 0.997530 0.016093 0.068377 212.144261 -0.067385 -0.055693 0.996171 -8.426848
0.024639 -0.998000 -0.058214 19.096748 0.997780 0.020946 0.063218 214.210226 -0.061873 -0.059642 0.996300 -8.541792
0.030465 -0.997831 -0.058355 19.163032 0.997355 0.026492 0.067686 217.338981 -0.065993 -0.060263 0.995999 -8.710056
0.032233 -0.997825 -0.057494 19.213876 0.997465 0.028464 0.065213 219.470755 -0.063435 -0.059450 0.996214 -8.823911
0.032527 -0.998022 -0.053806 19.307089 0.997726 0.029243 0.060728 222.705844 -0.059034 -0.055659 0.996703 -8.988653
0.032707 -0.997913 -0.055677 19.364079 0.997664 0.029254 0.061737 224.910026 -0.059979 -0.057566 0.996538 -9.096744
0.031538 -0.997864 -0.057203 19.442801 0.997319 0.027637 0.067750 228.273472 -0.066024 -0.059186 0.996061 -9.274782
0.029687 -0.997636 -0.061974 19.488505 0.997370 0.025464 0.067859 230.545128 -0.066120 -0.063825 0.995768 -9.408485
0.026419 -0.997945 -0.058376 19.543666 0.998079 0.023058 0.057506 232.858619 -0.056042 -0.059783 0.996637 -9.525288
0.022190 -0.998575 -0.048534 19.600572 0.998391 0.019600 0.053203 235.199177 -0.052176 -0.049637 0.997404 -9.623541
0.017338 -0.999018 -0.040775 19.650118 0.998124 0.014899 0.059377 237.587290 -0.058711 -0.041728 0.997402 -9.736434
0.013046 -0.999130 -0.039605 19.669416 0.998162 0.010669 0.059658 239.988246 -0.059183 -0.040311 0.997433 -9.852467
0.006604 -0.999256 -0.037990 19.678828 0.998201 0.004323 0.059803 243.656015 -0.059594 -0.038317 0.997487 -10.031598
0.002159 -0.999249 -0.038685 19.671677 0.998169 -0.000185 0.060485 246.126863 -0.060447 -0.038745 0.997419 -10.156475
-0.001362 -0.999182 -0.040413 19.644742 0.998053 -0.003878 0.062249 248.625959 -0.062355 -0.040250 0.997242 -10.277362
-0.005521 -0.998907 -0.046413 19.596631 0.997809 -0.008563 0.065609 252.400581 -0.065935 -0.045949 0.996765 -10.473841
-0.005493 -0.998919 -0.046160 19.563573 0.997840 -0.008497 0.065137 254.911890 -0.065459 -0.045702 0.996808 -10.599629
-0.006225 -0.999072 -0.042611 19.541386 0.997914 -0.008945 0.063941 257.413236 -0.064263 -0.042124 0.997044 -10.726236
-0.004978 -0.999155 -0.040801 19.497499 0.997838 -0.007637 0.065276 261.192634 -0.065532 -0.040388 0.997033 -10.916792
-0.005644 -0.999389 -0.034490 19.482575 0.997617 -0.008000 0.068537 263.691311 -0.068771 -0.034020 0.997052 -11.046744
-0.005550 -0.999548 -0.029544 19.452062 0.997248 -0.007717 0.073730 267.430857 -0.073925 -0.029054 0.996841 -11.249504
-0.005549 -0.999280 -0.037540 19.410864 0.997152 -0.008353 0.074953 269.903957 -0.075213 -0.037018 0.996480 -11.397369
-0.004365 -0.998884 -0.047035 19.349045 0.997166 -0.007880 0.074816 273.612856 -0.075103 -0.046575 0.996087 -11.645535
-0.005510 -0.999210 -0.039364 19.329950 0.997643 -0.008185 0.068127 276.057459 -0.068395 -0.038896 0.996900 -11.782842
-0.002096 -0.999383 -0.035052 19.303770 0.997226 -0.004697 0.074283 279.751037 -0.074402 -0.034799 0.996621 -11.990522
0.000047 -0.999313 -0.037072 19.280427 0.997033 -0.002807 0.076928 282.201301 -0.076980 -0.036965 0.996347 -12.143232
0.001583 -0.999297 -0.037457 19.266751 0.997180 -0.001232 0.075032 284.639421 -0.075025 -0.037470 0.996477 -12.293556
0.002225 -0.999272 -0.038093 19.250746 0.997266 -0.000597 0.073899 288.311911 -0.073868 -0.038153 0.996538 -12.512154
0.002792 -0.999272 -0.038047 19.240499 0.997211 -0.000056 0.074634 290.765827 -0.074582 -0.038150 0.996485 -12.661254
0.001967 -0.999232 -0.039138 19.219755 0.997665 -0.000711 0.068291 294.425858 -0.068267 -0.039181 0.996897 -12.870156
0.001568 -0.999047 -0.043625 19.203977 0.997742 -0.001366 0.067142 296.881891 -0.067138 -0.043632 0.996789 -13.007943
0.001598 -0.998657 -0.051792 19.170093 0.997547 -0.002032 0.069967 300.565347 -0.069978 -0.051777 0.996204 -13.215327
0.000106 -0.998772 -0.049549 19.151061 0.997811 -0.003171 0.066054 303.037078 -0.066130 -0.049448 0.996585 -13.346545
-0.002327 -0.999087 -0.042656 19.132907 0.997576 -0.005286 0.069378 306.740169 -0.069540 -0.042391 0.996678 -13.540399
-0.003012 -0.998973 -0.045208 19.105582 0.997692 -0.006069 0.067632 309.224918 -0.067837 -0.044900 0.996686 -13.681180
-0.001192 -0.999163 -0.040898 19.081042 0.997695 -0.003963 0.067745 312.962321 -0.067850 -0.040723 0.996864 -13.882174
-0.000403 -0.999361 -0.035742 19.075157 0.997577 -0.002889 0.069505 315.455171 -0.069564 -0.035627 0.996941 -14.017453
0.000727 -0.999386 -0.035023 19.064100 0.997617 -0.001692 0.068972 317.948086 -0.068988 -0.034990 0.997004 -14.153014
0.005372 -0.999197 -0.039717 19.041842 0.997321 0.002456 0.073106 321.712377 -0.072950 -0.040003 0.996533 -14.372092
0.009740 -0.998933 -0.045135 19.036190 0.997037 0.006258 0.076665 324.227496 -0.076301 -0.045748 0.996035 -14.523884
0.011444 -0.998518 -0.053198 19.035775 0.996287 0.006846 0.085821 327.999554 -0.085330 -0.053983 0.994889 -14.776395
0.011989 -0.998000 -0.062072 19.034104 0.996076 0.006476 0.088269 330.517126 -0.087690 -0.062886 0.994161 -14.965142
0.011075 -0.997815 -0.065137 19.028139 0.997089 0.006105 0.076007 332.997046 -0.075443 -0.065789 0.994977 -15.121707
0.010449 -0.997877 -0.064289 19.035547 0.996905 0.005386 0.078429 335.497903 -0.077916 -0.064910 0.994845 -15.282999
0.011391 -0.997779 -0.065623 19.037352 0.996678 0.006036 0.081219 337.984283 -0.080643 -0.066330 0.994534 -15.442766
0.011201 -0.997885 -0.064028 19.051809 0.996200 0.005605 0.086916 340.439427 -0.086374 -0.064758 0.994156 -15.600931
0.010087 -0.997805 -0.065449 19.056358 0.996290 0.004435 0.085942 342.844383 -0.085463 -0.066073 0.994148 -15.773620
0.009789 -0.997641 -0.067941 19.054168 0.996470 0.004067 0.083849 345.206840 -0.083375 -0.068522 0.994160 -15.935755
0.009751 -0.997730 -0.066631 19.061585 0.996006 0.003776 0.089211 347.513383 -0.088757 -0.067235 0.993781 -16.090118
0.008759 -0.997954 -0.063334 19.067486 0.995256 0.002563 0.097253 350.818801 -0.096892 -0.063885 0.993243 -16.331914
0.007661 -0.997871 -0.064765 19.061312 0.996648 0.002344 0.081776 352.933335 -0.081450 -0.065175 0.994544 -16.478473
0.004305 -0.997707 -0.067543 19.051490 0.997647 -0.000336 0.068553 356.057670 -0.068419 -0.067679 0.995358 -16.663225
0.004344 -0.997700 -0.067652 19.041914 0.996668 -0.001190 0.081557 358.128897 -0.081450 -0.067781 0.994370 -16.783451
0.004624 -0.997328 -0.072908 19.023767 0.996218 -0.001732 0.086866 360.141205 -0.086761 -0.073034 0.993549 -16.917147
0.007922 -0.996843 -0.079006 19.011886 0.996129 0.000950 0.087902 362.056532 -0.087549 -0.079396 0.992991 -17.047584
0.019966 -0.996432 -0.081999 19.021253 0.996690 0.013372 0.080195 364.752379 -0.078812 -0.083329 0.993401 -17.215280
0.040356 -0.995845 -0.081630 19.057933 0.996596 0.034240 0.074988 366.416320 -0.071881 -0.084379 0.993838 -17.308430
0.103828 -0.991929 -0.072781 19.235058 0.992295 0.098336 0.075376 368.703442 -0.067611 -0.080046 0.994496 -17.415179
0.163041 -0.984601 -0.063069 19.449786 0.984180 0.157813 0.080529 370.085585 -0.069336 -0.075201 0.994755 -17.475277
0.268627 -0.962287 -0.042932 19.938328 0.960160 0.263937 0.091820 371.968684 -0.077026 -0.065887 0.994850 -17.568756
0.394425 -0.918365 -0.032161 20.613545 0.916176 0.390296 0.091055 373.656346 -0.071069 -0.065379 0.995326 -17.656842
0.485178 -0.874068 -0.024640 21.196248 0.871863 0.481418 0.089953 374.697009 -0.066763 -0.065126 0.995641 -17.726905
0.611144 -0.791323 -0.017605 22.236569 0.789676 0.608053 0.081753 376.108617 -0.053988 -0.063865 0.996497 -17.785083
0.685918 -0.727637 -0.007775 23.042658 0.725488 0.682985 0.084848 376.954224 -0.056429 -0.063839 0.996364 -17.847276
0.782876 -0.622177 0.001315 24.402588 0.619754 0.780010 0.086546 378.092645 -0.054873 -0.066940 0.996247 -17.897408
0.837425 -0.546509 0.006825 25.451171 0.544294 0.835035 0.080381 378.774683 -0.049629 -0.063598 0.996741 -17.950901
0.899326 -0.437271 0.002636 27.145146 0.436078 0.897288 0.068634 379.642159 -0.032377 -0.060574 0.997638 -18.016767
0.930605 -0.366022 0.001464 28.397912 0.365068 0.928454 0.068546 380.153496 -0.026449 -0.063255 0.997647 -18.040860
0.955298 -0.295639 0.001806 29.744433 0.294622 0.952483 0.077287 380.610075 -0.024570 -0.073300 0.997007 -18.073382
0.978716 -0.205043 -0.008543 31.908181 0.205004 0.974924 0.086577 381.154930 -0.009424 -0.086486 0.996209 -18.093288
0.989229 -0.146136 -0.008419 34.262221 0.146228 0.983979 0.101993 381.585899 -0.006621 -0.102125 0.994749 -18.098279
0.993817 -0.110795 -0.007247 35.928046 0.110910 0.987551 0.111542 381.817578 -0.005201 -0.111656 0.993733 -18.101376
0.997856 -0.065317 -0.004047 38.567524 0.065352 0.991344 0.113872 382.051304 -0.003425 -0.113893 0.993487 -18.090015
0.998750 -0.049801 -0.004216 40.392371 0.049960 0.992484 0.111715 382.154705 -0.001379 -0.111786 0.993731 -18.076563
0.999464 -0.032291 -0.005314 43.251925 0.032685 0.993093 0.112682 382.290067 0.001638 -0.112795 0.993617 -18.061975
0.999660 -0.026053 -0.000699 45.249029 0.025976 0.993795 0.108150 382.352556 -0.002123 -0.108131 0.994134 -18.039544
0.999762 -0.020907 0.006190 48.291292 0.020147 0.994336 0.104352 382.437243 -0.008337 -0.104203 0.994521 -18.021816
0.999829 -0.017375 0.006281 50.317665 0.016635 0.994520 0.103212 382.489340 -0.008040 -0.103090 0.994640 -18.013275
0.999904 -0.012588 0.005821 52.343941 0.011927 0.994687 0.102257 382.529201 -0.007078 -0.102178 0.994741 -17.998382
0.999953 -0.003867 0.008851 55.395185 0.002969 0.995048 0.099355 382.562392 -0.009191 -0.099324 0.995013 -17.974828
0.999949 0.000164 0.010084 57.414472 -0.001149 0.995203 0.097830 382.574095 -0.010020 -0.097836 0.995152 -17.961691
0.999956 0.003375 0.008738 59.431525 -0.004217 0.995157 0.098212 382.580205 -0.008364 -0.098245 0.995127 -17.944254
0.999894 0.008364 0.011936 62.438422 -0.009494 0.995142 0.097992 382.585157 -0.011058 -0.098095 0.995116 -17.927948
0.999855 0.011475 0.012596 64.392349 -0.012656 0.995100 0.098062 382.580659 -0.011409 -0.098207 0.995101 -17.917250
0.999809 0.014527 0.013062 66.298407 -0.015729 0.995139 0.097220 382.563174 -0.011586 -0.097407 0.995177 -17.902841
0.999776 0.018012 0.011115 68.145305 -0.019027 0.994880 0.099252 382.549281 -0.009271 -0.099441 0.995000 -17.892556
0.999688 0.023043 0.009645 69.958545 -0.023898 0.994627 0.100732 382.525811 -0.007272 -0.100931 0.994867 -17.875135
0.999333 0.034329 0.012490 72.611101 -0.035420 0.994218 0.101373 382.472858 -0.008938 -0.101748 0.994770 -17.849239
0.998781 0.047452 0.013579 74.313689 -0.048602 0.993477 0.103158 382.414069 -0.008596 -0.103692 0.994572 -17.834509
0.996453 0.082712 0.015491 76.771573 -0.083897 0.990738 0.106768 382.274430 -0.006516 -0.107689 0.994163 -17.808419
0.992951 0.117432 0.016083 78.341207 -0.118485 0.987095 0.107727 382.111683 -0.003225 -0.108874 0.994050 -17.786002
0.982482 0.184963 0.022764 80.588360 -0.186278 0.978296 0.090764 381.727147 -0.005482 -0.093414 0.995612 -17.746859
0.970554 0.240230 0.017730 81.986870 -0.240880 0.967529 0.076579 381.377362 0.001242 -0.078595 0.996906 -17.721237
0.942446 0.334219 0.009627 83.971350 -0.334262 0.941094 0.051106 380.689525 0.008021 -0.051382 0.998647 -17.661031
0.915781 0.401618 0.006901 85.199105 -0.401559 0.914958 0.040038 380.144230 0.009766 -0.039438 0.999174 -17.617203
0.859894 0.510439 0.005840 86.871182 -0.510189 0.858981 0.043115 379.231826 0.016991 -0.040053 0.999053 -17.562974
0.774465 0.632612 -0.002360 88.358615 -0.631822 0.773674 0.047214 378.117229 0.031694 -0.035074 0.998882 -17.496266
0.704111 0.710069 -0.005485 89.226630 -0.709177 0.703575 0.045280 377.251323 0.036010 -0.027992 0.998959 -17.429060
0.586705 0.809796 -0.002605 90.351731 -0.808735 0.586095 0.049406 375.821315 0.041536 -0.026880 0.998775 -17.322576
0.503717 0.863865 -0.002479 90.979900 -0.862471 0.503063 0.055418 374.788672 0.049121 -0.025777 0.998460 -17.253928
0.388127 0.921590 0.005399 91.761500 -0.920180 0.387193 0.057883 373.111463 0.051254 -0.027434 0.998309 -17.135944
0.317891 0.948063 0.011074 92.185529 -0.947068 0.316962 0.050955 371.902732 0.044799 -0.026686 0.998640 -17.072341
0.222023 0.974894 0.016943 92.690205 -0.973796 0.220828 0.054364 369.997317 0.049258 -0.028569 0.998377 -16.951739
0.165119 0.986103 0.018341 92.932519 -0.985108 0.163991 0.051657 368.648834 0.047932 -0.026597 0.998496 -16.877095
0.100897 0.994820 0.012406 93.174204 -0.993794 0.100190 0.048335 366.519132 0.046841 -0.017205 0.998754 -16.749406
0.062216 0.997979 0.012957 93.351426 -0.997070 0.061570 0.045393 364.289337 0.044503 -0.015743 0.998885 -16.629111
0.042229 0.999041 0.011573 93.429754 -0.998263 0.041714 0.041593 362.731665 0.041071 -0.013309 0.999068 -16.546732
0.013979 0.999825 0.012442 93.499863 -0.999044 0.013450 0.041607 360.309794 0.041432 -0.013012 0.999057 -16.423223
-0.003293 0.999946 0.009889 93.505117 -0.999117 -0.003704 0.041860 358.630680 0.041895 -0.009743 0.999075 -16.332719
-0.023352 0.999688 0.008914 93.473209 -0.998890 -0.023696 0.040702 356.049325 0.040901 -0.007954 0.999132 -16.198239
-0.042850 0.999059 0.006688 93.382032 -0.998294 -0.043081 0.039421 353.400194 0.039672 -0.004988 0.999200 -16.058028
-0.050895 0.998704 0.000636 93.293317 -0.997884 -0.050879 0.040473 351.628472 0.040453 0.001426 0.999180 -15.962536
-0.053554 0.998553 -0.004882 93.195982 -0.997667 -0.053298 0.042664 349.826812 0.042342 0.007156 0.999078 -15.872033
-0.054689 0.998454 -0.009923 93.046529 -0.997171 -0.054101 0.052186 347.113464 0.051569 0.012749 0.998588 -15.708244
-0.050383 0.998629 -0.014223 92.954897 -0.997545 -0.049624 0.049412 345.286168 0.048639 0.016678 0.998677 -15.591915
-0.044389 0.998867 -0.017166 92.878005 -0.997841 -0.043498 0.049208 343.481538 0.048406 0.019313 0.998641 -15.476472
-0.028537 0.999388 -0.020236 92.785446 -0.998465 -0.027537 0.048058 340.762899 0.047471 0.021577 0.998640 -15.302856
-0.015590 0.999660 -0.020886 92.757659 -0.998768 -0.014585 0.047439 338.964617 0.047118 0.021599 0.998656 -15.184977
-0.004057 0.999797 -0.019736 92.758089 -0.998924 -0.003140 0.046277 337.181678 0.046206 0.019903 0.998734 -15.070863
0.005446 0.999842 -0.016901 92.784270 -0.998814 0.006257 0.048285 334.523393 0.048383 0.016618 0.998691 -14.900534
0.008793 0.999832 -0.016080 92.807392 -0.998769 0.009567 0.048679 332.758719 0.048824 0.015632 0.998685 -14.786692
0.010566 0.999870 -0.012159 92.850210 -0.998780 0.011139 0.048103 330.108780 0.048232 0.011636 0.998768 -14.619089
0.009815 0.999909 -0.009218 92.886630 -0.998843 0.010238 0.046982 328.347203 0.047072 0.008746 0.998853 -14.507429
0.004358 0.999968 -0.006711 92.910522 -0.998863 0.004672 0.047435 326.586371 0.047465 0.006497 0.998852 -14.398880
-0.006420 0.999954 -0.007147 92.914370 -0.998872 -0.006076 0.047099 323.942330 0.047053 0.007441 0.998865 -14.236119
-0.011677 0.999901 -0.007865 92.900478 -0.998832 -0.011295 0.046982 322.188817 0.046888 0.008405 0.998865 -14.128330
-0.015582 0.999850 -0.007539 92.873194 -0.998825 -0.015219 0.046018 319.555496 0.045897 0.008247 0.998912 -13.967721
-0.013930 0.999853 -0.009997 92.848980 -0.998824 -0.013450 0.046579 317.797282 0.046437 0.010634 0.998865 -13.859652
-0.005047 0.999901 -0.013158 92.835569 -0.998842 -0.004412 0.047918 315.179783 0.047855 0.013385 0.998765 -13.696127
0.007586 0.999905 -0.011544 92.862027 -0.999178 0.008039 0.039745 311.691351 0.039834 0.011233 0.999143 -13.485432
0.012024 0.999873 -0.010473 92.893551 -0.999278 0.012393 0.035910 309.953796 0.036035 0.010034 0.999300 -13.387709
0.013142 0.999886 -0.007432 92.941415 -0.999147 0.013422 0.039046 307.364462 0.039142 0.006913 0.999210 -13.245422
0.012403 0.999895 -0.007494 92.982112 -0.999147 0.012689 0.039301 304.793709 0.039392 0.007000 0.999199 -13.099904
0.013566 0.999884 -0.006895 93.016727 -0.999177 0.013819 0.038126 303.090538 0.038217 0.006373 0.999249 -13.002858
0.014557 0.999882 -0.004961 93.064444 -0.999143 0.014739 0.038684 300.554684 0.038753 0.004394 0.999239 -12.864197
0.019688 0.999786 -0.006372 93.118192 -0.999002 0.019927 0.039971 298.023066 0.040089 0.005578 0.999181 -12.725242
0.024965 0.999678 -0.004467 93.168914 -0.998828 0.025129 0.041372 296.318168 0.041471 0.003429 0.999134 -12.630678
0.031144 0.999514 -0.001224 93.262556 -0.998590 0.031167 0.042971 293.732770 0.042988 -0.000116 0.999076 -12.487541
0.034575 0.999402 -0.000547 93.335681 -0.998455 0.034566 0.043503 291.995656 0.043496 -0.000958 0.999053 -12.395739
0.037060 0.999303 0.004545 93.456956 -0.998101 0.036791 0.049395 289.357967 0.049193 -0.006367 0.998769 -12.242117
0.031057 0.999464 0.010332 93.575126 -0.998460 0.030547 0.046315 286.655378 0.045974 -0.011755 0.998873 -12.083445
0.018648 0.999744 0.012781 93.662981 -0.998604 0.017992 0.049660 283.895840 0.049418 -0.013689 0.998684 -11.919884
0.004485 0.999884 0.014576 93.695217 -0.998834 0.003779 0.048121 282.020386 0.048060 -0.014775 0.998735 -11.807741
-0.015014 0.999819 0.011717 93.684705 -0.998795 -0.015544 0.046540 279.157880 0.046714 -0.011004 0.998848 -11.635738
-0.024163 0.999666 0.009150 93.632966 -0.998823 -0.024526 0.041840 276.278303 0.042050 -0.008128 0.999082 -11.466998
-0.029621 0.999515 0.009637 93.575031 -0.998667 -0.030001 0.042006 273.432381 0.042275 -0.008380 0.999071 -11.301927
-0.034771 0.999365 0.007788 93.498134 -0.998573 -0.035058 0.040292 270.620105 0.040539 -0.006376 0.999158 -11.138480
-0.039706 0.999174 0.008612 93.440664 -0.998393 -0.040021 0.040124 268.786749 0.040436 -0.007005 0.999158 -11.030800
-0.051632 0.998654 0.005004 93.322021 -0.997828 -0.051794 0.040704 266.065271 0.040909 -0.002891 0.999159 -10.875540
-0.058035 0.998308 -0.003737 93.111568 -0.997563 -0.057845 0.039016 262.448714 0.038734 0.005992 0.999232 -10.670697
-0.054926 0.998472 -0.006019 93.019378 -0.997700 -0.054641 0.040123 260.684890 0.039733 0.008209 0.999177 -10.569314
-0.040433 0.999127 -0.010465 92.900152 -0.998338 -0.039967 0.041513 258.036782 0.041059 0.012126 0.999083 -10.422411
-0.026431 0.999563 -0.013237 92.850895 -0.998903 -0.025897 0.039017 256.289952 0.038657 0.014254 0.999151 -10.319283
-0.003360 0.999882 -0.014981 92.827803 -0.999397 -0.002840 0.034617 253.629826 0.034570 0.015088 0.999288 -10.183023
0.021479 0.999689 -0.012694 92.880198 -0.999088 0.021931 0.036639 250.965787 0.036906 0.011895 0.999248 -10.050552
0.045239 0.998945 -0.007937 93.006609 -0.998342 0.045492 0.035259 248.278129 0.035583 0.006329 0.999347 -9.911239
0.056241 0.998417 0.001080 93.182102 -0.997761 0.056165 0.036316 245.575526 0.036198 -0.003120 0.999340 -9.774455
0.059494 0.998221 0.003922 93.302725 -0.997612 0.059319 0.035374 243.769296 0.035078 -0.006017 0.999366 -9.685584
0.061143 0.998053 0.012348 93.504583 -0.997557 0.060684 0.034616 241.049099 0.033799 -0.014434 0.999324 -9.553490
0.047731 0.998690 0.018424 93.684153 -0.998252 0.047050 0.035775 238.320992 0.034862 -0.020099 0.999190 -9.419217
0.025178 0.999485 0.019872 93.796650 -0.998985 0.024412 0.037857 235.622327 0.037353 -0.020805 0.999086 -9.277215
-0.002777 0.999739 0.022687 93.843758 -0.999154 -0.003705 0.040967 232.942218 0.041041 -0.022554 0.998903 -9.128680
-0.034349 0.999226 0.019185 93.790152 -0.998672 -0.035055 0.037741 230.274176 0.038384 -0.017863 0.999103 -8.982438
-0.064501 0.997828 0.013393 93.647161 -0.997149 -0.064973 0.038382 227.648168 0.039168 -0.010879 0.999173 -8.837970
-0.085232 0.996353 -0.004024 93.360847 -0.995756 -0.085039 0.035181 224.217650 0.034710 0.007006 0.999373 -8.654277
-0.089068 0.995970 -0.010518 93.210208 -0.995479 -0.088664 0.034075 222.565145 0.033005 0.013506 0.999364 -8.564268
-0.088267 0.995931 -0.018185 92.997393 -0.995566 -0.087609 0.034261 220.224210 0.032528 0.021129 0.999247 -8.441008
-0.085742 0.996027 -0.024053 92.808452 -0.995832 -0.084922 0.033266 218.069505 0.031091 0.026805 0.999157 -8.325826
-0.084221 0.996075 -0.027224 92.695385 -0.995993 -0.083327 0.032462 216.760661 0.030066 0.029849 0.999102 -8.255955
-0.079076 0.996309 -0.033406 92.501505 -0.996358 -0.077919 0.034628 214.435176 0.031898 0.036022 0.998842 -8.129862
-0.063619 0.997269 -0.037508 92.394201 -0.997388 -0.062248 0.036643 212.908156 0.034208 0.039741 0.998624 -8.046559
-0.026928 0.998577 -0.046040 92.338995 -0.999133 -0.025423 0.032972 211.550674 0.031755 0.046888 0.998395 -7.973730
0.122646 0.991803 -0.035844 92.538443 -0.991453 0.124062 0.040380 209.437357 0.044496 0.030585 0.998541 -7.856539
0.242126 0.970001 -0.021748 92.865720 -0.969565 0.242734 0.031995 208.248628 0.036314 0.013340 0.999251 -7.783856
0.364436 0.931183 -0.009217 93.328948 -0.930493 0.364524 0.036114 207.174089 0.036988 -0.004585 0.999305 -7.719018
0.481719 0.876312 -0.004924 93.898513 -0.875661 0.481565 0.036228 206.187030 0.034119 -0.013140 0.999331 -7.662222
0.629175 0.777221 -0.008177 94.875026 -0.776300 0.628884 0.043169 204.977954 0.038694 -0.020813 0.999034 -7.595170
0.735993 0.676865 -0.013000 95.817338 -0.675810 0.735708 0.044880 204.109352 0.039941 -0.024246 0.998908 -7.529440
0.829964 0.557738 -0.009335 97.007144 -0.556857 0.829402 0.044754 203.318180 0.032704 -0.031946 0.998954 -7.487622
0.915950 0.401291 -0.000651 98.957754 -0.400983 0.915309 0.037718 202.386776 0.015732 -0.034287 0.999288 -7.430305
0.955477 0.295061 0.001656 100.741782 -0.295043 0.955323 0.017555 201.762280 0.003598 -0.017262 0.999845 -7.400805
0.981212 0.192636 -0.010655 102.720011 -0.192476 0.981196 0.014406 201.323934 0.013230 -0.012085 0.999839 -7.367684
0.994176 0.107756 -0.001820 104.921739 -0.107717 0.994070 0.014912 201.046531 0.003416 -0.014629 0.999887 -7.348580
0.999456 0.032957 0.001356 108.161744 -0.032975 0.999317 0.016687 200.876146 -0.000805 -0.016723 0.999860 -7.329682
0.999983 -0.000110 0.005775 110.784221 -0.000000 0.999819 0.019032 200.867476 -0.005776 -0.019032 0.999802 -7.335876
0.999941 -0.003782 0.010194 113.565743 0.003524 0.999676 0.025204 200.902318 -0.010286 -0.025166 0.999630 -7.336617
0.999962 0.007562 0.004340 116.400098 -0.007663 0.999689 0.023741 200.901430 -0.004159 -0.023774 0.999709 -7.327061
0.999721 0.023498 0.002474 119.304746 -0.023555 0.999372 0.026481 200.862835 -0.001850 -0.026532 0.999646 -7.307475
0.998945 0.042542 0.017265 123.220028 -0.042807 0.998966 0.015280 200.711974 -0.016597 -0.016003 0.999734 -7.299962
0.998614 0.051945 0.008438 126.117790 -0.052128 0.998373 0.023102 200.596826 -0.007225 -0.023509 0.999698 -7.290858
0.998542 0.053684 0.005728 129.951450 -0.053837 0.998063 0.031163 200.421975 -0.004044 -0.031426 0.999498 -7.272614
0.998815 0.047517 0.010561 131.858652 -0.047782 0.998508 0.026415 200.328380 -0.009290 -0.026888 0.999595 -7.248713
0.999116 0.040427 0.011487 133.750287 -0.040657 0.998962 0.020544 200.249318 -0.010645 -0.020993 0.999723 -7.238228
0.999385 0.031424 0.015594 136.513957 -0.031714 0.999321 0.018768 200.160150 -0.014993 -0.019251 0.999702 -7.226397
0.999616 0.025455 0.010983 138.272674 -0.025630 0.999543 0.016057 200.116339 -0.010569 -0.016333 0.999811 -7.212538
0.999773 0.017939 0.011477 140.779019 -0.018131 0.999694 0.016821 200.075583 -0.011172 -0.017025 0.999793 -7.190348
0.999877 0.010225 0.011867 142.326289 -0.010415 0.999818 0.015989 200.062755 -0.011701 -0.016110 0.999802 -7.172226
0.999848 -0.006502 0.016180 144.481006 0.006202 0.999809 0.018532 200.081211 -0.016297 -0.018429 0.999697 -7.157550
0.999606 -0.021496 0.018070 145.780180 0.021130 0.999573 0.020197 200.118186 -0.018496 -0.019807 0.999633 -7.148662
0.997927 -0.062095 0.016906 147.529572 0.061774 0.997911 0.018886 200.211501 -0.018043 -0.017802 0.999679 -7.144150
0.994687 -0.102338 0.011168 148.597795 0.102059 0.994508 0.023194 200.335911 -0.013480 -0.021931 0.999669 -7.136440
0.982910 -0.183851 0.009356 150.154566 0.183554 0.982659 0.026261 200.628693 -0.014021 -0.024095 0.999611 -7.142835
0.957782 -0.287235 0.012231 151.665185 0.286592 0.957278 0.038524 201.084708 -0.022774 -0.033392 0.999183 -7.144287
0.912940 -0.407968 0.010092 153.045464 0.406810 0.911752 0.056688 201.730335 -0.032328 -0.047647 0.998341 -7.171146
0.803006 -0.595936 0.006487 155.136682 0.594220 0.801433 0.067879 203.143329 -0.045651 -0.050653 0.997672 -7.239962
0.710887 -0.703203 0.012070 156.324661 0.701013 0.709849 0.068520 204.270758 -0.056752 -0.040248 0.997577 -7.306104
0.594791 -0.803865 0.005034 157.363021 0.802492 0.594120 0.055029 205.604274 -0.047227 -0.028691 0.998472 -7.393039
0.413835 -0.910345 -0.003397 158.469389 0.909097 0.413066 0.054022 207.770131 -0.047776 -0.025445 0.998534 -7.502900
0.324336 -0.945929 -0.004915 158.897795 0.944373 0.323494 0.059257 209.030288 -0.054463 -0.023861 0.998231 -7.553725
0.205977 -0.978463 -0.013560 159.348539 0.977187 0.204936 0.055745 211.014981 -0.051766 -0.024733 0.998353 -7.647662
0.124236 -0.992170 -0.012813 159.649375 0.990610 0.123277 0.059119 213.186824 -0.057077 -0.020037 0.998169 -7.755514
0.094908 -0.995428 -0.010737 159.797127 0.993514 0.094036 0.063936 214.711189 -0.062634 -0.016736 0.997896 -7.826751
0.076314 -0.997016 -0.011657 159.968162 0.995157 0.075435 0.063029 217.072905 -0.061962 -0.016411 0.997944 -7.953015
0.076800 -0.996997 -0.009965 160.144824 0.995061 0.076013 0.063843 219.549109 -0.062894 -0.014819 0.997910 -8.085057
0.078006 -0.996939 -0.005251 160.277909 0.994983 0.077520 0.063239 221.257450 -0.062639 -0.010157 0.997985 -8.176006
0.079077 -0.996867 0.001495 160.489310 0.994745 0.079006 0.065124 223.916692 -0.065038 -0.003663 0.997876 -8.325460
0.079572 -0.996812 0.005764 160.635906 0.994734 0.079778 0.064335 225.749863 -0.064590 0.000614 0.997912 -8.427911
0.079757 -0.996765 0.009962 160.785339 0.994676 0.080236 0.064670 227.632198 -0.065260 0.004751 0.997857 -8.538522
0.076047 -0.996953 0.017369 161.015146 0.995193 0.076968 0.060561 230.550512 -0.061713 0.012680 0.998013 -8.696976
0.064750 -0.997608 0.024182 161.230260 0.995647 0.066213 0.065599 233.593341 -0.067043 0.019829 0.997553 -8.870461
0.051421 -0.998357 0.025263 161.346173 0.996391 0.052997 0.066304 235.695112 -0.067534 0.021762 0.997480 -8.989619
0.029435 -0.999308 0.022723 161.443059 0.996795 0.031037 0.073729 238.924713 -0.074383 0.020480 0.997019 -9.187566
0.008025 -0.999759 0.020430 161.477482 0.998082 0.009262 0.061204 242.150423 -0.061379 0.019900 0.997916 -9.362640
-0.012733 -0.999702 0.020813 161.447071 0.997882 -0.011376 0.064052 245.391497 -0.063796 0.021584 0.997730 -9.521006
-0.031672 -0.999354 0.016964 161.346176 0.997433 -0.030512 0.064774 248.611826 -0.064214 0.018972 0.997756 -9.681131
-0.044167 -0.998931 0.013621 161.202004 0.996660 -0.043121 0.069349 251.783180 -0.068687 0.016639 0.997499 -9.842051
-0.045267 -0.998944 0.007863 161.087248 0.996793 -0.044647 0.066407 253.830302 -0.065986 0.010844 0.997762 -9.945511
-0.047610 -0.998861 0.003048 160.883834 0.996284 -0.047267 0.071997 257.713241 -0.071771 0.006464 0.997400 -10.138072
-0.042939 -0.999073 -0.003156 160.735092 0.996410 -0.043055 0.072892 260.380686 -0.072960 -0.000015 0.997335 -10.267257
-0.030188 -0.999533 -0.004781 160.626519 0.997213 -0.030444 0.068118 262.925912 -0.068231 -0.002712 0.997666 -10.394473
-0.021822 -0.999748 -0.005256 160.554738 0.997391 -0.022132 0.068708 265.463277 -0.068807 -0.003743 0.997623 -10.529931
-0.015668 -0.999845 -0.008011 160.510272 0.997709 -0.016161 0.065696 267.128955 -0.065815 -0.006963 0.997808 -10.607238
-0.002066 -0.999960 -0.008660 160.478349 0.997453 -0.002678 0.071281 269.648037 -0.071301 -0.008491 0.997419 -10.728895
0.010468 -0.999931 -0.005418 160.486945 0.997020 0.010023 0.076484 272.135732 -0.076424 -0.006203 0.997056 -10.873030
0.017898 -0.999827 -0.005041 160.507141 0.997074 0.017473 0.074418 273.767439 -0.074317 -0.006358 0.997214 -10.973100
0.024420 -0.999695 -0.003755 160.550981 0.997081 0.024084 0.072456 276.258546 -0.072343 -0.005513 0.997365 -11.127450
0.026719 -0.999642 -0.001304 160.607524 0.996868 0.026548 0.074500 278.795650 -0.074438 -0.003290 0.997220 -11.281397
0.022379 -0.999750 -0.000174 160.660180 0.996711 0.022297 0.077913 281.329692 -0.077890 -0.001917 0.996960 -11.436642
0.016288 -0.999867 -0.000376 160.691716 0.996892 0.016210 0.077100 283.845698 -0.077084 -0.001630 0.997023 -11.588799
0.010036 -0.999949 -0.001469 160.706542 0.997339 0.009903 0.072226 286.356679 -0.072208 -0.002190 0.997387 -11.738100
0.008091 -0.999960 -0.003761 160.714190 0.997353 0.007798 0.072288 288.913381 -0.072256 -0.004336 0.997377 -11.891405
0.006916 -0.999963 -0.005195 160.717295 0.997039 0.006498 0.076621 291.527101 -0.076585 -0.005710 0.997047 -12.059369
0.005998 -0.999958 -0.006987 160.719850 0.997365 0.005477 0.072338 294.195121 -0.072297 -0.007403 0.997356 -12.230535
0.005456 -0.999952 -0.008133 160.713739 0.997207 0.004835 0.074524 296.937037 -0.074481 -0.008516 0.997186 -12.403798
0.006965 -0.999932 -0.009321 160.709199 0.997475 0.006289 0.070738 299.753747 -0.070675 -0.009790 0.997451 -12.579838
0.007103 -0.999946 -0.007599 160.711668 0.997748 0.006580 0.066744 302.606854 -0.066690 -0.008056 0.997741 -12.739728
0.009068 -0.999952 -0.003663 160.728625 0.997640 0.008798 0.068097 305.478308 -0.068062 -0.004272 0.997672 -12.891810
0.014260 -0.999898 -0.000090 160.767091 0.997290 0.014216 0.072178 310.241498 -0.072169 -0.001119 0.997392 -13.150503
0.017719 -0.999843 -0.000248 160.795920 0.997400 0.017659 0.069861 313.057313 -0.069845 -0.001485 0.997557 -13.309246
