1.000000 -0.000000 0.000000 -0.000000 0.000000 1.000000 -0.000000 -0.000000 -0.000000 0.000000 1.000000 0.000000
0.999852 0.017146 -0.001391 1.174757 -0.017157 0.999821 -0.008027 -0.046400 0.001253 0.008049 0.999967 0.012979
0.998427 -0.055746 -0.006075 2.840145 0.055720 0.998437 -0.004301 0.036739 0.006305 0.003956 0.999972 0.032540
0.993228 -0.116074 -0.004959 3.958315 0.116043 0.993226 -0.006075 0.167986 0.005631 0.005459 0.999969 0.045801
0.986653 -0.162779 -0.004267 5.183066 0.162762 0.986657 -0.004142 0.388241 0.004884 0.003392 0.999982 0.060903
0.979600 -0.200693 -0.010277 6.990875 0.200619 0.979638 -0.007783 0.752591 0.011629 0.005562 0.999917 0.079528
0.976187 -0.216505 -0.013580 7.970391 0.216346 0.976240 -0.012246 0.969691 0.015909 0.009016 0.999833 0.094418
0.970219 -0.241364 -0.020466 9.536298 0.241086 0.970386 -0.015143 1.355462 0.023515 0.009758 0.999676 0.129410
0.965637 -0.258616 -0.025740 10.633980 0.258301 0.965949 -0.014968 1.657179 0.028734 0.007805 0.999557 0.160425
0.958601 -0.282778 -0.033484 12.370759 0.282374 0.959165 -0.016330 2.170466 0.036734 0.006199 0.999306 0.223207
0.952410 -0.300065 -0.053635 14.184184 0.299481 0.953917 -0.018797 2.752451 0.056804 0.001840 0.998384 0.309526
0.948673 -0.307967 -0.071949 15.453277 0.307454 0.951385 -0.018372 3.178810 0.074110 -0.004692 0.997239 0.387207
0.942425 -0.321044 -0.093627 17.427570 0.321088 0.946931 -0.015005 3.875065 0.093476 -0.015922 0.995494 0.559919
0.938183 -0.330100 -0.104145 18.790993 0.330842 0.943627 -0.010574 4.380039 0.101764 -0.024535 0.994506 0.699671
0.932053 -0.346987 -0.104296 20.930748 0.347979 0.937458 -0.009113 5.183930 0.100935 -0.027799 0.994505 0.939627
0.927311 -0.360806 -0.099561 22.374003 0.361775 0.932224 -0.008776 5.751441 0.095979 -0.027881 0.994993 1.102577
0.921163 -0.378519 -0.090452 23.881188 0.379763 0.925077 -0.003715 6.374973 0.085081 -0.030929 0.995894 1.259203
0.914634 -0.394944 -0.086395 25.379395 0.396436 0.918062 0.000117 7.045660 0.079270 -0.034358 0.996261 1.401699
0.906954 -0.412469 -0.085460 26.902917 0.414052 0.910253 0.000878 7.742073 0.077428 -0.036181 0.996341 1.539428
0.899296 -0.429609 -0.081865 28.469339 0.431155 0.902277 0.001344 8.481744 0.073288 -0.036505 0.996642 1.675650
0.892501 -0.445105 -0.072956 30.059092 0.446504 0.894776 0.003244 9.277429 0.063836 -0.035471 0.997330 1.801994
0.885515 -0.459870 -0.066202 31.677707 0.461036 0.887377 0.002665 10.120334 0.057521 -0.032881 0.997803 1.927957
0.876608 -0.477320 -0.061022 34.162042 0.478273 0.878210 0.001158 11.469646 0.053037 -0.030200 0.998136 2.093002
0.872288 -0.485262 -0.060282 35.850189 0.486090 0.873908 -0.001054 12.420307 0.053193 -0.028383 0.998181 2.203805
0.870455 -0.488578 -0.059999 37.586081 0.489423 0.872046 -0.000714 13.415978 0.052671 -0.028743 0.998198 2.311585
0.869812 -0.490104 -0.056796 39.366608 0.490816 0.871262 -0.001598 14.421997 0.050268 -0.026487 0.998385 2.422353
0.868129 -0.493196 -0.055769 41.174715 0.493687 0.869622 -0.005565 15.454248 0.051243 -0.022701 0.998428 2.536548
0.865104 -0.499112 -0.049830 43.018031 0.499492 0.866302 -0.005414 16.521872 0.045870 -0.020206 0.998743 2.650595
0.854029 -0.518459 -0.042828 45.741604 0.518570 0.854984 -0.009335 18.147196 0.041457 -0.014237 0.999039 2.815783
0.841792 -0.537955 -0.044625 47.534698 0.537972 0.842868 -0.012638 19.277043 0.044411 -0.013368 0.998924 2.924498
0.831368 -0.554441 -0.037727 49.311947 0.554637 0.832071 -0.006005 20.465645 0.034721 -0.015932 0.999270 3.029221
0.823714 -0.565316 -0.043743 51.062182 0.565576 0.824663 -0.007368 21.682032 0.040239 -0.018671 0.999016 3.122530
0.814552 -0.578075 -0.048326 53.657903 0.578354 0.815731 -0.009395 23.530698 0.044852 -0.020297 0.998787 3.294250
0.808262 -0.587408 -0.040806 55.393962 0.587706 0.809055 -0.005518 24.800272 0.036256 -0.019522 0.999152 3.402062
0.801869 -0.595950 -0.043006 57.107166 0.596278 0.802754 -0.006130 26.081983 0.038177 -0.020728 0.999056 3.496566
0.794111 -0.606128 -0.044681 58.811817 0.606376 0.795124 -0.009344 27.387090 0.041190 -0.019674 0.998958 3.598896
0.784874 -0.618171 -0.042860 60.508191 0.618391 0.785813 -0.009501 28.719209 0.039554 -0.019047 0.999036 3.704442
0.769159 -0.637567 -0.043617 63.010729 0.637676 0.770192 -0.013188 30.787003 0.042002 -0.017670 0.998961 3.864263
0.757374 -0.651494 -0.044052 64.671324 0.651485 0.758481 -0.016525 32.206665 0.044179 -0.016184 0.998893 3.974821
0.744663 -0.666129 -0.041828 66.324867 0.666072 0.745686 -0.017313 33.666900 0.042724 -0.014968 0.998975 4.084849
0.726312 -0.686128 -0.041223 68.749680 0.685950 0.727359 -0.020554 35.932160 0.044086 -0.013348 0.998939 4.257987
0.715196 -0.697725 -0.040919 70.345313 0.697587 0.716223 -0.019921 37.500697 0.043207 -0.014297 0.998964 4.366864
0.705384 -0.707585 -0.041922 71.938539 0.707474 0.706457 -0.019979 39.106822 0.043753 -0.015566 0.998921 4.482575
0.689940 -0.722416 -0.045795 74.316943 0.722172 0.691273 -0.024705 41.577340 0.049504 -0.016027 0.998645 4.664966
0.680949 -0.731064 -0.043061 75.899562 0.730808 0.682147 -0.024396 43.281925 0.047209 -0.014857 0.998775 4.791964
0.671186 -0.740091 -0.042132 77.468562 0.739759 0.672368 -0.026047 45.011788 0.047605 -0.013686 0.998772 4.920272
0.659775 -0.750471 -0.038595 79.799312 0.749928 0.660839 -0.029979 47.662713 0.048003 -0.009164 0.998805 5.113298
0.650913 -0.758291 -0.036166 81.362687 0.757322 0.651912 -0.038385 49.452546 0.052684 -0.002404 0.998608 5.244008
0.637848 -0.769639 -0.028382 82.897977 0.768331 0.638439 -0.045418 51.274132 0.053076 0.007163 0.998565 5.388928
0.612920 -0.789826 -0.022459 85.133221 0.788622 0.613256 -0.044642 54.079739 0.049033 0.009651 0.998751 5.601936
0.594493 -0.803740 -0.024094 86.578662 0.802356 0.594909 -0.048041 56.014043 0.052946 0.009229 0.998555 5.739087
0.567376 -0.823226 -0.019585 88.688371 0.821814 0.567585 -0.049684 58.987440 0.052017 0.012095 0.998573 5.956467
0.548415 -0.835972 -0.019802 90.039042 0.834488 0.548652 -0.051096 61.032121 0.053579 0.011497 0.998497 6.102979
0.520525 -0.853551 -0.022458 91.980030 0.851994 0.520948 -0.052146 64.171382 0.056209 0.008009 0.998387 6.331956
0.504710 -0.863077 -0.019138 93.244365 0.861724 0.505006 -0.048996 66.342790 0.051952 0.008237 0.998616 6.484940
0.484384 -0.874698 -0.016585 95.104078 0.873033 0.484511 -0.055339 69.654948 0.056440 0.012326 0.998330 6.717225
0.473874 -0.880452 -0.015750 96.299834 0.878433 0.473888 -0.061528 71.880848 0.061636 0.015321 0.997981 6.886323
0.468666 -0.883269 -0.013676 96.893577 0.881240 0.468553 -0.062234 72.994332 0.061377 0.017115 0.997968 6.976472
0.460177 -0.887825 -0.002080 98.616431 0.886259 0.459502 -0.058338 76.314081 0.052750 0.025002 0.998295 7.230428
0.453641 -0.891169 0.005231 100.290486 0.889879 0.452652 -0.056762 79.637533 0.048216 0.030405 0.998374 7.462236
0.449445 -0.893256 0.009609 101.390560 0.892064 0.448225 -0.057589 81.821048 0.047135 0.034454 0.998294 7.613834
0.445870 -0.894908 0.018412 102.977931 0.894053 0.444262 -0.057457 85.050198 0.043239 0.042079 0.998178 7.824775
0.444976 -0.895329 0.019569 104.000878 0.894418 0.443216 -0.059807 87.151112 0.044874 0.044115 0.998018 7.964420
0.446424 -0.894676 0.016135 105.006135 0.893621 0.444819 -0.059819 89.209942 0.046341 0.041123 0.998079 8.103548
0.460432 -0.887624 0.011200 106.496840 0.886391 0.459036 -0.059972 92.206556 0.048092 0.037541 0.998137 8.309529
0.473102 -0.880962 0.008982 107.523730 0.879801 0.471895 -0.057147 94.168934 0.046106 0.034939 0.998325 8.437746
0.500441 -0.865751 0.005820 109.094943 0.864539 0.499359 -0.056677 97.036135 0.046162 0.033395 0.998376 8.623921
0.521890 -0.853012 -0.001059 110.183293 0.851564 0.521075 -0.057614 98.897816 0.049697 0.029167 0.998338 8.753065
0.546092 -0.837711 -0.004865 111.330344 0.836403 0.545548 -0.052981 100.729997 0.047037 0.024863 0.998584 8.880743
0.581050 -0.813846 -0.006010 113.124398 0.812659 0.580573 -0.050203 103.375922 0.044347 0.024286 0.998721 9.060260
0.602224 -0.798302 -0.006333 114.365528 0.797017 0.601671 -0.052501 105.070537 0.045722 0.026570 0.998601 9.181639
0.623052 -0.782151 -0.006747 115.639455 0.780985 0.622554 -0.049893 106.710106 0.043225 0.025816 0.998732 9.303472
0.651609 -0.758512 -0.008052 117.559224 0.757531 0.651244 -0.045024 109.044672 0.039395 0.023238 0.998953 9.468306
0.669976 -0.742303 -0.010895 118.864756 0.741326 0.669733 -0.043519 110.535213 0.039601 0.021080 0.998993 9.574468
0.686861 -0.726729 -0.009318 120.195249 0.725922 0.686612 -0.040012 111.963265 0.035476 0.020718 0.999156 9.671601
0.709445 -0.704686 -0.010249 122.180363 0.703984 0.709271 -0.036625 113.997075 0.033079 0.018768 0.999277 9.816424
0.722927 -0.690870 -0.008673 123.519103 0.690364 0.722790 -0.031179 115.301549 0.027809 0.016553 0.999476 9.896617
0.745110 -0.666869 -0.009856 125.508962 0.666494 0.745070 -0.025632 117.160972 0.024437 0.012530 0.999623 10.010420
0.772574 -0.634868 -0.008495 127.513026 0.634701 0.772587 -0.016271 118.885850 0.016893 0.007179 0.999832 10.104989
0.791487 -0.611076 -0.011587 128.847026 0.610894 0.791553 -0.015870 119.946149 0.018869 0.005482 0.999807 10.161436
0.820483 -0.571596 -0.009284 130.902164 0.571499 0.820526 -0.011235 121.446642 0.014039 0.003912 0.999894 10.231770
0.838522 -0.544844 -0.004967 132.313512 0.544798 0.838526 -0.008280 122.376192 0.008676 0.004236 0.999953 10.275863
0.859861 -0.510529 -0.000651 134.471592 0.510511 0.859840 -0.007388 123.710042 0.004331 0.006020 0.999972 10.325602
0.878224 -0.478248 -0.001153 136.655296 0.478242 0.878222 -0.003276 124.944467 0.002579 0.002326 0.999994 10.350129
0.892946 -0.450162 -0.001635 138.943500 0.450149 0.892938 -0.005218 126.134827 0.003809 0.003924 0.999985 10.392059
0.902247 -0.431197 0.004406 141.316637 0.431197 0.902257 0.001120 127.304379 -0.004458 0.000889 0.999990 10.413264
0.908627 -0.417541 0.007578 142.965230 0.417496 0.908653 0.006792 128.091553 -0.009722 -0.003007 0.999948 10.415635
0.918019 -0.396284 0.014123 145.559511 0.396170 0.918120 0.010251 129.262567 -0.017029 -0.003815 0.999848 10.398582
0.928425 -0.371155 0.016476 148.261210 0.371089 0.928571 0.007008 130.377180 -0.017900 -0.000392 0.999840 10.374831
0.941192 -0.337633 0.012725 151.077204 0.337575 0.941276 0.006500 131.449662 -0.014172 -0.001822 0.999898 10.342366
0.958705 -0.283962 0.015826 154.076112 0.283695 0.958761 0.017155 132.449120 -0.020045 -0.011957 0.999728 10.305438
0.975315 -0.219807 0.021108 157.226442 0.219363 0.975407 0.021494 133.279882 -0.025313 -0.016333 0.999546 10.267712
0.987637 -0.153358 0.032459 160.521981 0.152493 0.987917 0.027657 133.909549 -0.036308 -0.022366 0.999090 10.189280
0.995648 -0.087895 0.030980 163.963763 0.086988 0.995773 0.029492 134.331396 -0.033442 -0.026669 0.999085 10.091191
0.998941 -0.026978 0.037272 167.548847 0.025895 0.999238 0.029216 134.546226 -0.038032 -0.028220 0.998878 9.998732
0.997776 0.053799 0.039350 172.493445 -0.055177 0.997870 0.034805 134.509086 -0.037394 -0.036899 0.998619 9.835955
0.993204 0.110957 0.035126 176.303055 -0.112258 0.992970 0.037535 134.195619 -0.030714 -0.041223 0.998678 9.733065
0.985893 0.165772 0.023106 180.183008 -0.166602 0.985194 0.040452 133.665508 -0.016059 -0.043731 0.998914 9.670635
0.975933 0.217593 0.014435 184.135724 -0.218039 0.974788 0.047395 132.917726 -0.003758 -0.049402 0.998772 9.643738
0.958543 0.284844 0.007643 189.501310 -0.284882 0.957409 0.047017 131.545756 0.006075 -0.047245 0.998865 9.688839
0.941813 0.336028 0.008559 193.559773 -0.335974 0.940256 0.055137 130.263400 0.010480 -0.054804 0.998442 9.728841
0.922089 0.386978 0.000524 197.568656 -0.386375 0.920575 0.057064 128.741664 0.021600 -0.052821 0.998370 9.827228
0.881110 0.472903 -0.002802 202.886872 -0.471539 0.878988 0.070930 126.328615 0.036006 -0.061176 0.997477 10.035080
0.838166 0.545411 -0.002194 206.787510 -0.543497 0.835548 0.080444 124.125225 0.045708 -0.066233 0.996757 10.247199
0.775359 0.631453 -0.009316 211.682226 -0.628423 0.772930 0.087543 120.699425 0.062480 -0.062023 0.996117 10.609545
0.727913 0.685577 -0.011231 215.140938 -0.682109 0.725703 0.089901 117.751786 0.069785 -0.057779 0.995887 10.946204
0.669543 0.742537 -0.018702 219.432136 -0.738017 0.667890 0.096199 113.450009 0.083922 -0.050607 0.995186 11.453625
0.621573 0.783275 -0.011287 222.466093 -0.778810 0.619452 0.098663 109.978395 0.084272 -0.052536 0.995057 11.894542
0.552800 0.833309 0.002877 226.108623 -0.828666 0.549349 0.107370 105.194687 0.087892 -0.061739 0.994215 12.483852
0.494902 0.868846 0.013347 228.444392 -0.864865 0.491031 0.104386 101.531219 0.084142 -0.063204 0.994447 12.932050
0.411028 0.911381 0.021017 231.057524 -0.907874 0.407140 0.100011 96.557839 0.082592 -0.060188 0.994764 13.492477
0.348201 0.937207 0.019993 232.624111 -0.933640 0.344805 0.097087 92.787258 0.084097 -0.052472 0.995075 13.906010
0.307992 0.951147 0.021444 233.514769 -0.947150 0.304416 0.101186 90.284305 0.089715 -0.051475 0.994636 14.175846
0.252059 0.967303 0.028114 234.627311 -0.961439 0.247017 0.120903 86.596957 0.110005 -0.057505 0.992266 14.624290
0.213909 0.976130 0.037583 235.247725 -0.970501 0.207980 0.121956 84.165816 0.111228 -0.062562 0.991824 14.935095
0.158672 0.986271 0.045744 235.978823 -0.981034 0.152267 0.119942 80.544960 0.111330 -0.063908 0.991726 15.395661
0.121845 0.991224 0.051279 236.334929 -0.985764 0.114820 0.122822 78.155420 0.115857 -0.065514 0.991103 15.699661
0.070468 0.995935 0.056100 236.710636 -0.991083 0.063527 0.117127 74.619698 0.113087 -0.063854 0.991531 16.170435
0.043121 0.997466 0.056596 236.848445 -0.993300 0.036724 0.109577 72.307533 0.107221 -0.060942 0.992366 16.458407
0.024093 0.998017 0.058154 236.934908 -0.993692 0.017534 0.110765 70.055635 0.109526 -0.060456 0.992144 16.744354
0.011777 0.998086 0.060713 236.997204 -0.993106 0.004593 0.117128 67.860590 0.116625 -0.061674 0.991259 17.008381
-0.002084 0.998004 0.063109 237.028804 -0.992824 -0.009611 0.119197 64.653726 0.119565 -0.062408 0.990863 17.453418
-0.006367 0.998100 0.061292 237.028254 -0.994279 -0.012854 0.106035 62.536030 0.106621 -0.060267 0.992472 17.719274
-0.002807 0.997964 0.063721 237.024791 -0.993606 -0.009976 0.112460 59.460015 0.112867 -0.062998 0.991611 18.098642
0.002816 0.997778 0.066560 237.042713 -0.993412 -0.004834 0.114491 57.432960 0.114559 -0.066444 0.991192 18.354910
0.011571 0.997495 0.069785 237.084678 -0.993153 0.003352 0.116771 55.434020 0.116244 -0.070658 0.990704 18.604324
0.024332 0.997389 0.067998 237.139556 -0.993279 0.016420 0.114573 53.447552 0.113157 -0.070329 0.991085 18.854531
0.045146 0.996966 0.063410 237.258997 -0.992731 0.037685 0.114302 50.506944 0.111566 -0.068109 0.991420 19.227464
0.058317 0.996235 0.064147 237.382062 -0.992455 0.050914 0.111537 48.551859 0.107851 -0.070167 0.991688 19.458989
0.072308 0.995385 0.063085 237.525871 -0.991775 0.065060 0.110225 46.610322 0.105612 -0.070537 0.991903 19.694853
0.092616 0.993761 0.062141 237.791783 -0.989674 0.085019 0.115396 43.735977 0.109393 -0.072187 0.991374 20.037638
0.106546 0.992244 0.064033 238.007207 -0.988339 0.098640 0.116002 41.827052 0.108786 -0.075646 0.991183 20.265201
0.119338 0.990817 0.063556 238.240904 -0.987426 0.111758 0.111807 39.938583 0.103678 -0.076100 0.991695 20.486660
0.132792 0.989191 0.062181 238.501653 -0.985754 0.125276 0.112231 38.049010 0.103228 -0.076198 0.991735 20.704121
0.157301 0.985977 0.055733 238.931294 -0.981820 0.150068 0.116226 35.253141 0.106232 -0.073003 0.991658 21.029047
0.174891 0.982961 0.056579 239.265848 -0.978941 0.167456 0.116760 33.409002 0.105296 -0.075808 0.991547 21.243359
0.184870 0.980967 0.059379 239.626048 -0.977399 0.177221 0.115256 31.554089 0.102540 -0.079344 0.991559 21.455567
0.190018 0.980017 0.058826 240.006662 -0.976125 0.182161 0.118313 29.686472 0.105233 -0.079904 0.991232 21.667143
0.195612 0.979125 0.055222 240.386786 -0.975116 0.188203 0.117167 27.803184 0.104328 -0.076767 0.991576 21.884577
0.206066 0.977086 0.053297 240.989879 -0.973041 0.198839 0.116849 24.955566 0.103574 -0.075938 0.991719 22.205704
0.213066 0.975774 0.049685 241.407073 -0.972075 0.206591 0.111311 23.038941 0.098350 -0.072014 0.992543 22.418935
0.224642 0.973319 0.046755 241.849320 -0.969149 0.218170 0.114685 21.134990 0.101424 -0.071075 0.992301 22.635384
0.237809 0.970311 0.044084 242.319406 -0.966238 0.231689 0.112717 19.220589 0.099156 -0.069401 0.992649 22.848449
0.255287 0.966059 0.039473 242.814162 -0.961860 0.249604 0.111910 17.311510 0.098259 -0.066536 0.992934 23.062849
0.276630 0.960405 0.033143 243.349327 -0.955972 0.271510 0.111355 15.409380 0.097947 -0.062488 0.993228 23.277916
0.319704 0.946912 0.033877 244.571642 -0.942705 0.314278 0.111967 11.674331 0.095376 -0.067732 0.993134 23.684416
0.340652 0.939511 0.035727 245.249206 -0.935553 0.334958 0.111999 9.825655 0.093257 -0.071577 0.993066 23.884292
0.357645 0.933142 0.036542 245.949546 -0.929576 0.351989 0.109512 7.992720 0.089328 -0.073135 0.993313 24.080860
0.373769 0.926765 0.037465 246.686794 -0.923570 0.368149 0.107163 6.173068 0.085522 -0.074656 0.993535 24.273599
0.389346 0.920342 0.037151 247.448488 -0.917095 0.383588 0.108617 4.383372 0.085714 -0.076361 0.993389 24.461803
0.413992 0.909537 0.036791 248.643316 -0.906457 0.408216 0.108146 1.739042 0.083344 -0.078121 0.993454 24.732734
0.430509 0.901795 0.037788 249.475197 -0.899310 0.425006 0.103013 0.007206 0.076836 -0.078331 0.993962 24.913778
0.447372 0.893445 0.040188 250.335357 -0.891456 0.441864 0.100313 -1.689727 0.071867 -0.080703 0.994144 25.068483
0.463319 0.885226 0.041350 251.213363 -0.883543 0.457826 0.098726 -3.351852 0.068464 -0.082276 0.994255 25.224482
0.487778 0.871997 0.041158 252.576961 -0.870481 0.482292 0.098275 -5.808696 0.065846 -0.083764 0.994308 25.441440
0.504451 0.862491 0.040466 253.532232 -0.861050 0.499018 0.097844 -7.430947 0.064196 -0.084201 0.994379 25.581495
0.518038 0.854329 0.041926 254.512294 -0.853377 0.512883 0.093271 -9.036264 0.058181 -0.084096 0.994758 25.721716
0.526971 0.848679 0.045227 255.517824 -0.848269 0.521946 0.089505 -10.633973 0.052355 -0.085531 0.994959 25.840006
0.534140 0.843939 0.049612 257.057710 -0.844294 0.529530 0.082253 -13.025525 0.043146 -0.085822 0.995376 26.007714
0.537420 0.841915 0.048569 258.090224 -0.842102 0.532670 0.084418 -14.619197 0.045201 -0.086268 0.995246 26.114569
0.540621 0.839892 0.048072 259.133330 -0.840073 0.535929 0.084007 -16.222133 0.044794 -0.085800 0.995305 26.213624
0.543231 0.838252 0.047261 260.184639 -0.838658 0.539129 0.077411 -17.836115 0.039410 -0.081688 0.995878 26.320014
0.545503 0.836606 0.050164 261.783212 -0.837495 0.541834 0.070841 -20.262640 0.032086 -0.080656 0.996225 26.453306
0.546674 0.835701 0.052456 262.864212 -0.836790 0.542957 0.070569 -21.884779 0.030493 -0.082473 0.996127 26.529956
0.547452 0.835039 0.054822 263.958656 -0.836452 0.544038 0.066106 -23.526019 0.025376 -0.082046 0.996305 26.603241
0.548572 0.834213 0.056184 265.051427 -0.835837 0.545464 0.062010 -25.172706 0.021083 -0.080978 0.996493 26.675642
0.550522 0.832802 0.058014 266.142436 -0.834641 0.547631 0.058943 -26.804098 0.017317 -0.080871 0.996574 26.734531
0.554045 0.830378 0.059220 267.240170 -0.832389 0.551485 0.054710 -28.437894 0.012772 -0.079606 0.996745 26.791835
0.558727 0.827156 0.060300 268.341150 -0.829291 0.556333 0.052623 -30.051222 0.009981 -0.079408 0.996792 26.837287
0.565474 0.822501 0.061082 269.448109 -0.824760 0.563635 0.045680 -31.665587 0.003144 -0.076209 0.997087 26.877375
0.577699 0.814023 0.060258 270.585236 -0.816250 0.576106 0.042872 -33.265421 0.000183 -0.073953 0.997262 26.915235
0.589245 0.805704 0.060256 271.728230 -0.807954 0.587657 0.043236 -34.822391 -0.000575 -0.074161 0.997246 26.930963
0.601991 0.796032 0.062765 272.903221 -0.798464 0.600875 0.037476 -36.374350 -0.007882 -0.072676 0.997324 26.945986
0.617323 0.784373 0.060584 274.106429 -0.786655 0.616357 0.035762 -37.910030 -0.009291 -0.069736 0.997522 26.954685
0.635726 0.769711 0.058283 275.343973 -0.771839 0.634904 0.034078 -39.426441 -0.010774 -0.066649 0.997718 26.957593
0.653774 0.754361 0.059311 276.635970 -0.756529 0.653239 0.030701 -40.929476 -0.015585 -0.064943 0.997767 26.957183
0.680359 0.730179 0.062841 278.657100 -0.732511 0.680229 0.026759 -43.135020 -0.023208 -0.064237 0.997665 26.931759
0.696905 0.714021 0.067064 280.063647 -0.716335 0.697543 0.017253 -44.591436 -0.034461 -0.060064 0.997599 26.893336
0.714598 0.696629 0.063704 281.511536 -0.698485 0.715549 0.010413 -46.028563 -0.038330 -0.051937 0.997914 26.844889
0.733651 0.676636 0.062609 283.010344 -0.678176 0.734885 0.004716 -47.430521 -0.042819 -0.045920 0.998027 26.783832
0.743073 0.666110 0.064336 283.780549 -0.667595 0.744521 0.002163 -48.123427 -0.046458 -0.044558 0.997926 26.753484
0.760996 0.645412 0.065793 285.363510 -0.646749 0.762702 -0.001261 -49.480473 -0.050995 -0.041592 0.997832 26.676891
0.779004 0.623404 0.067238 286.991979 -0.624580 0.780949 -0.004408 -50.805219 -0.055258 -0.038562 0.997727 26.593117
0.793650 0.604336 0.069985 288.679765 -0.605654 0.795723 -0.002965 -52.094056 -0.057480 -0.040034 0.997544 26.500425
0.805062 0.588707 0.072792 290.417451 -0.590322 0.807168 0.000834 -53.354270 -0.058265 -0.043642 0.997347 26.400915
0.815625 0.573461 0.076793 292.179162 -0.575457 0.817818 0.004818 -54.591489 -0.060039 -0.048120 0.997035 26.301469
0.824877 0.558735 0.085982 293.993278 -0.561350 0.827542 0.007765 -55.807545 -0.066815 -0.054671 0.996266 26.184314
0.832813 0.545643 0.093257 295.838425 -0.549031 0.835695 0.013397 -57.000976 -0.070624 -0.062358 0.995552 26.061038
0.839394 0.535926 0.090564 298.639416 -0.539916 0.841332 0.025510 -58.770291 -0.062523 -0.070309 0.995564 25.871293
0.841290 0.533151 0.089341 300.529391 -0.537415 0.842727 0.031577 -59.953566 -0.058455 -0.074579 0.995500 25.757187
0.841856 0.532035 0.090644 302.439362 -0.536238 0.843569 0.028980 -61.154574 -0.061046 -0.073004 0.995462 25.649740
0.842703 0.530962 0.089055 304.350238 -0.535011 0.844368 0.028395 -62.356203 -0.060119 -0.071574 0.995622 25.546648
0.844837 0.527985 0.086503 306.287956 -0.531813 0.846405 0.027819 -63.563672 -0.058528 -0.069506 0.995863 25.442459
0.848633 0.521955 0.085939 308.234263 -0.525492 0.850466 0.023794 -64.767554 -0.060669 -0.065353 0.996016 25.334447
0.851747 0.516968 0.085273 309.202920 -0.520377 0.853638 0.022583 -65.353919 -0.061118 -0.063609 0.996102 25.282038
0.862020 0.499819 0.084271 311.166963 -0.502981 0.864061 0.020238 -66.510948 -0.062700 -0.059832 0.996237 25.176262
0.874243 0.478063 0.084583 313.157376 -0.481222 0.876354 0.020724 -67.612194 -0.064217 -0.058821 0.996201 25.062048
0.886061 0.455316 0.087086 315.145737 -0.458598 0.888390 0.021221 -68.645741 -0.067704 -0.058740 0.995975 24.943574
0.897756 0.431568 0.088222 317.175708 -0.434736 0.900346 0.019564 -69.638752 -0.070987 -0.055917 0.995909 24.825859
0.909410 0.406252 0.089068 319.224653 -0.409419 0.912129 0.019934 -70.573872 -0.073143 -0.054595 0.995826 24.699949
0.920043 0.381348 0.089974 321.280758 -0.384978 0.922544 0.026521 -71.428537 -0.072891 -0.059039 0.995591 24.573406
0.927756 0.361395 0.093070 323.332993 -0.365807 0.930027 0.035160 -72.216679 -0.073851 -0.066666 0.995039 24.443681
0.932487 0.348887 0.093521 325.402604 -0.353476 0.934690 0.037538 -72.991838 -0.074317 -0.068061 0.994909 24.310122
0.936051 0.339621 0.092014 327.492484 -0.343949 0.938309 0.035697 -73.757000 -0.074214 -0.065063 0.995118 24.177187
0.939716 0.330123 0.089177 329.577979 -0.334036 0.941988 0.032828 -74.495899 -0.073166 -0.060637 0.995475 24.047299
0.941545 0.325486 0.086902 330.621159 -0.329208 0.943707 0.032234 -74.858062 -0.071518 -0.058959 0.995695 23.982577
0.947577 0.307558 0.086636 333.760333 -0.311449 0.949605 0.035361 -75.884411 -0.071394 -0.060490 0.995612 23.799411
0.949663 0.300053 0.090049 334.817539 -0.304147 0.951963 0.035505 -76.213794 -0.075069 -0.061106 0.995304 23.729289
0.954714 0.284252 0.087871 337.957260 -0.288136 0.956951 0.034966 -77.158676 -0.074149 -0.058701 0.995518 23.536705
0.955933 0.280889 0.085404 338.989895 -0.284440 0.958144 0.032475 -77.463073 -0.072708 -0.055336 0.995817 23.473714
0.956297 0.279371 0.086306 341.052039 -0.283010 0.958548 0.033039 -78.055334 -0.073498 -0.056020 0.995721 23.346933
0.951719 0.293159 0.091043 343.075463 -0.297604 0.953870 0.039542 -78.643737 -0.075251 -0.064727 0.995062 23.219118
0.948040 0.304316 0.092801 344.067511 -0.309095 0.950100 0.042070 -78.950858 -0.075367 -0.068569 0.994796 23.157694
0.941011 0.324801 0.094882 345.995057 -0.329635 0.943248 0.040289 -79.593523 -0.076411 -0.069189 0.994673 23.043035
0.936395 0.338145 0.093925 347.846310 -0.342685 0.938726 0.036876 -80.256683 -0.075701 -0.066717 0.994896 22.930886
0.935422 0.342054 0.089363 349.635714 -0.346123 0.937558 0.034415 -80.904834 -0.072012 -0.063123 0.995404 22.825898
0.942035 0.324648 0.084700 352.301258 -0.327870 0.944337 0.027000 -81.857249 -0.071220 -0.053206 0.996041 22.671093
0.950556 0.299473 0.082211 354.086762 -0.302208 0.952969 0.022832 -82.436204 -0.071507 -0.046548 0.996353 22.564823
0.961096 0.264443 0.079777 355.867232 -0.266499 0.963700 0.016130 -82.950005 -0.072615 -0.036763 0.996682 22.459914
0.972270 0.221061 0.076314 357.663785 -0.222677 0.974802 0.013246 -83.379153 -0.071463 -0.029872 0.996996 22.356591
0.982587 0.171043 0.072571 359.459199 -0.172373 0.984953 0.012432 -83.710314 -0.069353 -0.024725 0.997286 22.249876
0.994184 0.084291 0.067030 362.196150 -0.085556 0.996201 0.016237 -84.014101 -0.065407 -0.021878 0.997619 22.105163
0.997584 0.022533 0.065711 364.010077 -0.023681 0.999579 0.016746 -84.077981 -0.065306 -0.018261 0.997698 22.005316
0.997356 -0.037727 0.062113 365.848049 0.036715 0.999175 0.017355 -84.029758 -0.062716 -0.015029 0.997918 21.909159
0.994705 -0.085266 0.057377 367.689947 0.084079 0.996198 0.022802 -83.878566 -0.059103 -0.017857 0.998092 21.817579
0.991388 -0.113660 0.065052 369.550368 0.111599 0.993154 0.034497 -83.654137 -0.068527 -0.026940 0.997285 21.706545
0.990899 -0.123957 0.052474 372.385394 0.121792 0.991639 0.042639 -83.279168 -0.057321 -0.035860 0.997712 21.552253
0.991617 -0.118598 0.051278 374.322453 0.116343 0.992192 0.044930 -83.026882 -0.056206 -0.038587 0.997673 21.455522
0.992352 -0.112525 0.050750 376.305022 0.110482 0.993015 0.041420 -82.793429 -0.055056 -0.035496 0.997852 21.364780
0.993245 -0.108244 0.041806 378.324217 0.106705 0.993585 0.037454 -82.569581 -0.045592 -0.032741 0.998423 21.275981
0.993642 -0.104798 0.041139 380.399834 0.103321 0.993977 0.036525 -82.338800 -0.044719 -0.032042 0.998486 21.195166
0.993694 -0.103356 0.043466 381.454871 0.101744 0.994093 0.037786 -82.219777 -0.047115 -0.033125 0.998340 21.148464
0.993644 -0.103318 0.044690 383.599416 0.101478 0.993965 0.041661 -81.980471 -0.048724 -0.036861 0.998132 21.064693
0.993583 -0.104226 0.043922 385.778313 0.102263 0.993748 0.044799 -81.734578 -0.048316 -0.040020 0.998030 20.971577
0.993641 -0.104414 0.042133 386.871740 0.102511 0.993711 0.045048 -81.611723 -0.046572 -0.040443 0.998096 20.925895
0.993319 -0.109226 0.037251 389.090074 0.107643 0.993296 0.042139 -81.361664 -0.041604 -0.037848 0.998417 20.846168
0.991924 -0.120415 0.039851 391.329086 0.119125 0.992320 0.033307 -81.104582 -0.043556 -0.028291 0.998650 20.776838
0.990790 -0.129259 0.040328 392.451193 0.128136 0.991324 0.029303 -80.963328 -0.043766 -0.023866 0.998757 20.742804
0.988187 -0.148523 0.037791 394.682305 0.147706 0.988750 0.023575 -80.646556 -0.040867 -0.017715 0.999008 20.675922
0.986873 -0.157204 0.037001 395.791905 0.156462 0.987435 0.022166 -80.467876 -0.040021 -0.016086 0.999069 20.644174
0.983650 -0.176096 0.037729 398.001471 0.175410 0.984275 0.020817 -80.080227 -0.040802 -0.013858 0.999071 20.581090
0.980318 -0.194024 0.036501 400.192434 0.193386 0.980913 0.020285 -79.650590 -0.039740 -0.012826 0.999128 20.525155
0.978653 -0.202622 0.034400 401.282700 0.201990 0.979163 0.020965 -79.420511 -0.037931 -0.013569 0.999188 20.491133
0.975326 -0.218334 0.032709 403.448841 0.217742 0.975786 0.020743 -78.935396 -0.036445 -0.013109 0.999250 20.440827
0.972368 -0.231315 0.031529 405.591435 0.230826 0.972821 0.018413 -78.422862 -0.034931 -0.010626 0.999333 20.385614
0.971027 -0.236961 0.030911 406.661415 0.236616 0.971496 0.014431 -78.167370 -0.033449 -0.006699 0.999418 20.364997
0.967017 -0.253642 0.023304 409.850764 0.253652 0.967292 0.002575 -77.360190 -0.023195 0.003421 0.999725 20.311420
0.964598 -0.262318 0.027213 411.973979 0.262387 0.964962 0.001050 -76.785902 -0.026535 0.006127 0.999629 20.275030
0.963330 -0.266924 0.027313 413.055465 0.267010 0.963694 0.000518 -76.481529 -0.026460 0.006794 0.999627 20.253963
0.961842 -0.272021 0.029400 415.174982 0.272080 0.962272 0.002073 -75.872546 -0.028855 0.006005 0.999566 20.216422
0.960839 -0.274634 0.036943 417.316121 0.274903 0.961469 -0.002318 -75.263239 -0.034883 0.012383 0.999315 20.168544
0.960423 -0.275534 0.040847 419.459749 0.276170 0.961049 -0.010750 -74.652977 -0.036294 0.021606 0.999108 20.114673
0.960013 -0.276880 0.041379 420.533813 0.277623 0.960598 -0.013329 -74.343764 -0.036058 0.024284 0.999055 20.094831
0.959431 -0.278749 0.042328 422.686396 0.279670 0.959936 -0.017531 -73.718694 -0.035746 0.028658 0.998950 20.036719
0.958670 -0.280894 0.045290 424.854530 0.281910 0.959276 -0.017757 -73.078458 -0.038458 0.029791 0.998816 19.980633
0.958074 -0.282611 0.047174 425.935115 0.283583 0.958827 -0.015218 -72.750755 -0.040931 0.027957 0.998771 19.949844
0.957516 -0.283857 0.050866 428.082174 0.284701 0.958564 -0.010043 -72.099581 -0.045907 0.024098 0.998655 19.882111
0.957863 -0.282241 0.053279 430.222288 0.283017 0.959086 -0.007474 -71.443876 -0.048990 0.022237 0.998552 19.810285
0.958172 -0.280857 0.055001 431.289891 0.281597 0.959514 -0.006048 -71.124441 -0.051076 0.021283 0.998468 19.767511
0.958464 -0.279398 0.057311 432.367768 0.280170 0.959933 -0.005759 -70.805254 -0.053406 0.021576 0.998340 19.729252
0.959024 -0.276589 0.061408 434.498267 0.277216 0.960806 -0.001771 -70.171805 -0.058512 0.018722 0.998111 19.641009
0.959438 -0.274857 0.062712 435.568222 0.275420 0.961324 -0.000349 -69.854379 -0.060191 0.017607 0.998032 19.587802
0.960170 -0.272300 0.062664 437.677386 0.272810 0.962068 0.000422 -69.240300 -0.060402 0.016690 0.998035 19.493100
0.960460 -0.270072 0.067663 439.778476 0.270747 0.962650 -0.000851 -68.639867 -0.064906 0.019136 0.997708 19.387508
0.960508 -0.268940 0.071382 440.824612 0.269784 0.962918 -0.002286 -68.344968 -0.068120 0.021453 0.997446 19.334704
0.961026 -0.266382 0.073954 442.892278 0.267461 0.963556 -0.004910 -67.761251 -0.069951 0.024499 0.997250 19.213695
0.961362 -0.264542 0.076165 444.951519 0.266034 0.963912 -0.009966 -67.190523 -0.070780 0.029844 0.997045 19.097831
0.961348 -0.264203 0.077502 446.994384 0.266058 0.963848 -0.014475 -66.632285 -0.070876 0.034536 0.996887 18.991257
0.960974 -0.264695 0.080408 449.013318 0.266741 0.963641 -0.015667 -66.065932 -0.073338 0.036504 0.996639 18.874165
0.960765 -0.264469 0.083582 450.021165 0.266821 0.963576 -0.018132 -65.787015 -0.075743 0.039722 0.996336 18.805409
0.960478 -0.265309 0.084220 452.006393 0.267623 0.963369 -0.017280 -65.227202 -0.076551 0.039136 0.996297 18.685619
0.960236 -0.266054 0.084634 453.960259 0.268372 0.963164 -0.017085 -64.672316 -0.076971 0.039119 0.996266 18.571870
0.959965 -0.266409 0.086562 454.931573 0.268900 0.962994 -0.018314 -64.399824 -0.078479 0.040857 0.996078 18.508211
0.959402 -0.267855 0.088324 456.846561 0.270470 0.962543 -0.018878 -63.856012 -0.079959 0.042000 0.995913 18.388067
0.959220 -0.268393 0.088665 458.735376 0.270770 0.962515 -0.015748 -63.310051 -0.081115 0.039114 0.995937 18.265804
0.958966 -0.268206 0.091923 460.616145 0.270501 0.962628 -0.013261 -62.768553 -0.084931 0.037582 0.995678 18.137547
0.958516 -0.268225 0.096451 462.478601 0.270500 0.962656 -0.011099 -62.234373 -0.089872 0.036728 0.995276 18.000780
0.956200 -0.271952 0.108274 465.248252 0.274688 0.961471 -0.010919 -61.439747 -0.101133 0.040183 0.994061 17.777442
0.954625 -0.275474 0.113156 467.066689 0.278685 0.960291 -0.013294 -60.911251 -0.105001 0.044226 0.993488 17.618498
0.953327 -0.278808 0.115905 468.866276 0.282288 0.959221 -0.014444 -60.375435 -0.107151 0.046488 0.993155 17.451673
0.952869 -0.279491 0.118005 471.523007 0.283168 0.958948 -0.015295 -59.572899 -0.108886 0.047989 0.992895 17.202595
0.953320 -0.277295 0.119537 473.250324 0.281624 0.959303 -0.020646 -59.067786 -0.108947 0.053347 0.992615 17.040506
0.953455 -0.275680 0.122166 474.941889 0.280375 0.959621 -0.022725 -58.570986 -0.110968 0.055920 0.992250 16.872651
0.954049 -0.274689 0.119731 476.575798 0.279384 0.959879 -0.024034 -58.093222 -0.108325 0.056381 0.992515 16.718932
0.954738 -0.273351 0.117281 478.153012 0.277898 0.960310 -0.024028 -57.619470 -0.106058 0.055532 0.992808 16.570638
0.955297 -0.271849 0.116210 479.703370 0.276406 0.960722 -0.024772 -57.166699 -0.104911 0.055786 0.992916 16.429825
0.957204 -0.265570 0.115032 482.007841 0.270286 0.962394 -0.027270 -56.507334 -0.103464 0.057195 0.992987 16.219418
0.965518 -0.232695 0.116740 485.067208 0.236826 0.971287 -0.022668 -55.691235 -0.108113 0.049533 0.992904 15.939241
0.970937 -0.203178 0.126492 486.619223 0.207213 0.978102 -0.019458 -55.345974 -0.119768 0.045103 0.991777 15.780443
0.977858 -0.164673 0.129136 488.161891 0.168190 0.985612 -0.016744 -55.056094 -0.124520 0.038092 0.991486 15.620957
0.984032 -0.117441 0.133746 489.726129 0.120420 0.992619 -0.014378 -54.838212 -0.131070 0.030254 0.990911 15.442260
0.989086 -0.063912 0.132754 491.285170 0.066752 0.997624 -0.017049 -54.717946 -0.131349 0.025724 0.991002 15.267840
0.991467 -0.010009 0.129970 492.852110 0.012640 0.999731 -0.019429 -54.681058 -0.129740 0.020906 0.991328 15.085523
0.990426 0.042786 0.131251 494.420885 -0.040130 0.998934 -0.022811 -54.723994 -0.132087 0.017325 0.991087 14.899949
0.986617 0.094081 0.133176 496.002944 -0.090914 0.995416 -0.029676 -54.858070 -0.135357 0.017171 0.990648 14.714715
0.980486 0.144430 0.133367 497.589410 -0.141139 0.989411 -0.033862 -55.072624 -0.136845 0.014378 0.990488 14.521738
0.972148 0.194065 0.131406 499.183959 -0.190792 0.980926 -0.037177 -55.370604 -0.136115 0.011070 0.990631 14.321617
0.958098 0.257009 0.126468 501.553957 -0.253612 0.966370 -0.042546 -55.953452 -0.133149 0.008689 0.991058 14.026561
0.947559 0.294055 0.125152 503.148124 -0.290918 0.955778 -0.043065 -56.425451 -0.132281 0.004398 0.991203 13.825931
0.936373 0.328464 0.123763 504.725863 -0.325449 0.944515 -0.044423 -56.952564 -0.131488 0.001318 0.991317 13.626755
0.923410 0.363444 0.123382 506.305468 -0.360604 0.931613 -0.045421 -57.550160 -0.131452 -0.002550 0.991319 13.429043
0.909018 0.397786 0.124313 507.875600 -0.394408 0.917476 -0.051765 -58.219182 -0.134645 -0.001975 0.990892 13.228768
0.887037 0.445835 0.119982 510.190161 -0.443099 0.895072 -0.050088 -59.325167 -0.129723 -0.008734 0.991512 12.925197
0.859515 0.496789 0.120141 512.477984 -0.495579 0.867552 -0.041888 -60.551331 -0.125038 -0.023536 0.991873 12.625498
0.835683 0.535268 0.122971 513.973557 -0.533855 0.844270 -0.046979 -61.473872 -0.128967 -0.026389 0.991298 12.435891
0.807032 0.577233 0.124506 515.412992 -0.576097 0.815933 -0.048633 -62.466910 -0.129661 -0.032479 0.991026 12.236917
0.774248 0.620886 0.122641 516.780919 -0.619743 0.783084 -0.051951 -63.537094 -0.128294 -0.035783 0.991090 12.039769
0.739715 0.662069 0.120355 518.076715 -0.660705 0.748500 -0.056712 -64.673977 -0.127633 -0.037569 0.991110 11.848375
0.704574 0.699836 0.117495 519.317449 -0.698057 0.713298 -0.062630 -65.868216 -0.127639 -0.037891 0.991097 11.662236
0.659123 0.743254 0.114585 521.055065 -0.741411 0.667745 -0.066527 -67.759253 -0.125960 -0.041105 0.991183 11.380120
0.629458 0.768553 0.114491 522.172920 -0.766553 0.638309 -0.070414 -69.084047 -0.127198 -0.043441 0.990926 11.191941
0.599799 0.792087 0.113309 523.247050 -0.790535 0.608507 -0.069093 -70.459747 -0.123677 -0.048133 0.991154 11.000712
0.566987 0.815394 0.116873 524.277433 -0.813308 0.576647 -0.077516 -71.890340 -0.130601 -0.051103 0.990117 10.798477
0.529372 0.840050 0.118669 525.256787 -0.838076 0.539539 -0.080781 -73.376955 -0.131887 -0.056691 0.989642 10.597400
0.488958 0.864678 0.115122 526.161044 -0.862801 0.498829 -0.082116 -74.913898 -0.128430 -0.059176 0.989951 10.395690
