1.000000 -0.000000 0.000000 -0.000000 0.000000 1.000000 0.000000 -0.000000 -0.000000 -0.000000 1.000000 0.000000
0.984752 0.173817 0.007193 0.965994 -0.173816 0.984778 -0.000825 -0.179854 -0.007226 -0.000438 0.999974 0.004688
0.911744 0.409852 0.027261 2.078515 -0.409443 0.912128 -0.019461 -0.725319 -0.032842 0.006582 0.999439 -0.002319
0.790609 0.611191 0.037197 3.021066 -0.610252 0.791472 -0.034130 -1.482357 -0.050301 0.004284 0.998725 -0.038290
0.671455 0.740230 0.034763 3.693099 -0.738930 0.672343 -0.044018 -2.300559 -0.055956 0.003868 0.998426 -0.082188
0.470608 0.881426 0.040210 4.783999 -0.880111 0.472169 -0.049607 -4.137133 -0.062710 -0.012044 0.997959 -0.199294
0.400743 0.915518 0.035082 5.182875 -0.914343 0.402072 -0.048108 -5.087088 -0.058150 -0.012798 0.998226 -0.254982
0.346327 0.937701 0.027830 5.548556 -0.936682 0.347285 -0.044946 -6.121858 -0.051811 -0.010502 0.998602 -0.313541
0.299545 0.953806 0.022952 6.111031 -0.952686 0.300321 -0.046869 -7.900941 -0.051597 -0.007826 0.998637 -0.402383
0.278257 0.960157 0.025899 6.507414 -0.958885 0.279252 -0.050572 -9.208251 -0.055789 -0.010762 0.998385 -0.474668
0.257812 0.965801 0.027584 6.892983 -0.964338 0.258981 -0.054594 -10.607982 -0.059871 -0.012525 0.998128 -0.546095
0.226850 0.973482 0.029541 7.447194 -0.971694 0.228279 -0.060821 -12.868140 -0.065952 -0.014908 0.997711 -0.667535
0.203001 0.978662 0.031799 7.784089 -0.976414 0.204760 -0.068475 -14.438776 -0.073525 -0.017149 0.997146 -0.763492
0.162927 0.986094 0.032761 8.228954 -0.983727 0.164906 -0.071332 -16.832192 -0.075743 -0.020605 0.996914 -0.906556
0.125796 0.991488 0.033566 8.459891 -0.989362 0.127874 -0.069365 -18.457445 -0.073067 -0.024483 0.997026 -1.002309
0.071935 0.996670 0.038389 8.622498 -0.994898 0.074430 -0.068099 -20.106666 -0.070729 -0.033294 0.996940 -1.101030
-0.028725 0.998858 0.038171 8.659333 -0.997392 -0.026112 -0.067281 -22.632480 -0.066207 -0.040004 0.997004 -1.233842
-0.093846 0.994808 0.039375 8.533126 -0.993840 -0.091266 -0.062872 -24.311989 -0.058952 -0.045033 0.997245 -1.323521
-0.186350 0.982179 0.024459 8.120942 -0.981558 -0.185036 -0.048024 -26.830652 -0.042642 -0.032958 0.998547 -1.411941
-0.242033 0.970212 0.010440 7.704045 -0.969715 -0.241518 -0.036373 -28.482763 -0.032768 -0.018927 0.999284 -1.460507
-0.292978 0.956101 0.005907 7.217472 -0.956072 -0.292897 -0.011717 -30.104168 -0.009473 -0.009081 0.999914 -1.471182
-0.367681 0.929779 0.017942 6.368171 -0.929323 -0.368074 0.029661 -32.427527 0.034182 -0.005768 0.999399 -1.419766
-0.414555 0.909896 0.015266 5.690920 -0.909295 -0.414836 0.033070 -33.943144 0.036424 -0.000172 0.999336 -1.337396
-0.453629 0.891188 0.002201 4.931786 -0.890820 -0.453510 0.027705 -35.425531 0.025689 0.010607 0.999614 -1.267054
-0.479006 0.877809 -0.002128 4.162086 -0.877413 -0.478713 0.031315 -36.848849 0.026470 0.016868 0.999507 -1.185577
-0.499114 0.866522 0.005004 3.379495 -0.865975 -0.498991 0.033089 -38.237606 0.031170 0.012182 0.999440 -1.107071
-0.526694 0.850050 0.002863 2.126839 -0.849458 -0.526448 0.035688 -40.299457 0.031844 0.016365 0.999359 -1.011706
-0.530241 0.847826 0.005949 1.247103 -0.847030 -0.530024 0.040175 -41.708807 0.037215 0.016264 0.999175 -0.943060
-0.521585 0.853189 0.004155 0.347946 -0.852435 -0.521317 0.039780 -43.188695 0.036106 0.017206 0.999200 -0.869728
-0.507098 0.861861 0.006839 -0.557205 -0.861131 -0.506968 0.037907 -44.734682 0.036138 0.013333 0.999258 -0.796135
-0.495380 0.868592 0.012111 -1.481378 -0.867938 -0.495485 0.034310 -46.342988 0.035802 0.006485 0.999338 -0.716732
-0.493607 0.869507 0.017616 -2.427486 -0.869029 -0.493920 0.028829 -48.028363 0.033768 -0.001079 0.999429 -0.639288
-0.495485 0.868428 0.018086 -3.394184 -0.868018 -0.495809 0.026782 -49.756237 0.032226 -0.002429 0.999478 -0.560333
-0.496015 0.868142 0.017289 -4.901068 -0.867794 -0.496309 0.024729 -52.424029 0.030049 -0.002737 0.999545 -0.434849
-0.496171 0.868027 0.018522 -5.913902 -0.867753 -0.496492 0.022385 -54.218991 0.028626 -0.004966 0.999578 -0.351052
-0.494150 0.869168 0.019067 -6.921504 -0.868964 -0.494472 0.019980 -56.020067 0.026794 -0.006695 0.999619 -0.264707
-0.489885 0.871648 0.015577 -7.927474 -0.871510 -0.490102 0.016458 -57.806700 0.021981 -0.005513 0.999743 -0.182758
-0.485622 0.874046 0.014670 -8.918877 -0.873909 -0.485818 0.016245 -59.601581 0.021325 -0.004931 0.999760 -0.104796
-0.485148 0.874280 0.016297 -9.898342 -0.874117 -0.485389 0.017797 -61.387826 0.023470 -0.005611 0.999709 -0.028917
-0.491937 0.870385 0.020681 -10.874130 -0.870196 -0.492303 0.019911 -63.156163 0.027512 -0.008202 0.999588 0.055409
-0.503097 0.864090 0.015569 -11.876760 -0.863961 -0.503308 0.015877 -64.906855 0.021555 -0.005464 0.999753 0.141458
-0.518150 0.855081 0.018881 -13.391585 -0.854915 -0.518450 0.018156 -67.456341 0.025313 -0.006734 0.999657 0.252541
-0.527177 0.849458 0.022461 -14.399520 -0.849307 -0.527574 0.018523 -69.132786 0.027584 -0.009312 0.999576 0.334928
-0.535689 0.844352 0.010386 -15.960600 -0.844378 -0.535740 0.002877 -71.626767 0.007994 -0.007228 0.999942 0.448304
-0.539048 0.842200 0.011226 -16.981023 -0.842212 -0.539123 0.004999 -73.252521 0.010262 -0.006760 0.999924 0.494497
-0.540875 0.841046 0.009777 -18.022898 -0.840911 -0.540963 0.015060 -74.855655 0.017955 -0.000076 0.999839 0.548167
-0.540149 0.841554 0.005027 -19.058247 -0.841459 -0.540166 0.012936 -76.464860 0.013602 0.002758 0.999904 0.615842
-0.538328 0.842691 0.008635 -20.586146 -0.842735 -0.538309 -0.004580 -78.902894 0.000788 -0.009743 0.999952 0.681534
-0.534907 0.844828 0.011825 -21.577698 -0.844909 -0.534825 -0.009525 -80.503141 -0.001723 -0.015086 0.999885 0.704634
-0.527304 0.849636 0.008301 -22.564565 -0.849675 -0.527298 -0.003087 -82.082820 0.001755 -0.008681 0.999961 0.739322
-0.511736 0.859136 -0.003380 -23.543820 -0.859143 -0.511735 0.001317 -83.673116 -0.000598 0.003578 0.999993 0.776911
-0.479005 0.877806 -0.003408 -24.900620 -0.877795 -0.479016 -0.004354 -86.101264 -0.005455 0.000906 0.999985 0.809956
-0.455699 0.890128 -0.003320 -25.756268 -0.890103 -0.455711 -0.006606 -87.755839 -0.007393 -0.000055 0.999973 0.830237
-0.430310 0.902673 -0.003949 -26.570907 -0.902674 -0.430320 -0.002217 -89.422779 -0.003701 0.002611 0.999990 0.850389
-0.406171 0.913797 -0.000768 -27.326805 -0.913728 -0.406131 0.012581 -91.095116 0.011185 0.005812 0.999921 0.873131
-0.382125 0.924109 -0.001561 -28.043771 -0.924102 -0.382114 0.005064 -92.807739 0.004083 0.003378 0.999986 0.921481
-0.365157 0.930918 0.007289 -28.702144 -0.930863 -0.365218 0.010513 -94.502680 0.012448 -0.002946 0.999918 0.955702
-0.353297 0.935270 0.021240 -29.641439 -0.935215 -0.353666 0.017146 -97.037032 0.023548 -0.013806 0.999627 1.033304
-0.342914 0.939112 0.021863 -30.252720 -0.939155 -0.343239 0.013260 -98.736915 0.019957 -0.015986 0.999673 1.099740
-0.331685 0.943153 0.021175 -30.853382 -0.943302 -0.331877 0.006209 -100.462253 0.012883 -0.017915 0.999757 1.157386
-0.312562 0.949262 0.034728 -31.670291 -0.949712 -0.313014 0.008318 -103.012682 0.018766 -0.030382 0.999362 1.232467
-0.291855 0.955874 0.033560 -32.471053 -0.956344 -0.292192 0.005518 -105.596922 0.015080 -0.030485 0.999421 1.316210
-0.272011 0.961633 0.035663 -33.202842 -0.962128 -0.272465 0.008471 -108.169806 0.017862 -0.032008 0.999328 1.389742
-0.250415 0.967539 0.034061 -33.881447 -0.967999 -0.250822 0.008183 -110.746982 0.016460 -0.030922 0.999386 1.468430
-0.229128 0.972815 0.033625 -34.504980 -0.973257 -0.229544 0.009018 -113.355036 0.016491 -0.030660 0.999394 1.546123
-0.218686 0.975191 0.034345 -34.892598 -0.975685 -0.219056 0.007360 -115.109119 0.014701 -0.031900 0.999383 1.596782
-0.203914 0.978631 0.026463 -35.450017 -0.978904 -0.204177 0.007622 -117.702514 0.012862 -0.024351 0.999621 1.668960
-0.189836 0.981664 0.017251 -35.977652 -0.981764 -0.189977 0.006979 -120.323539 0.010128 -0.015612 0.999827 1.732311
-0.183359 0.982828 0.020689 -36.444073 -0.982988 -0.183536 0.006985 -122.912360 0.010662 -0.019056 0.999762 1.795646
-0.181508 0.983225 0.017980 -36.755006 -0.983389 -0.181499 -0.002142 -124.642979 0.001157 -0.018071 0.999836 1.829048
-0.179862 0.983504 0.019247 -37.062997 -0.983687 -0.179886 -0.000478 -126.366466 0.002993 -0.019019 0.999815 1.860570
-0.179122 0.983583 0.021906 -37.364955 -0.983808 -0.179212 0.002195 -128.078061 0.006085 -0.021158 0.999758 1.889474
-0.177964 0.983843 0.019549 -37.668428 -0.984025 -0.178025 0.001398 -129.780294 0.004855 -0.018988 0.999808 1.927609
-0.176814 0.983768 0.030622 -37.949516 -0.984189 -0.177050 0.005136 -131.477989 0.010474 -0.029229 0.999518 1.960570
-0.176133 0.983729 0.035419 -38.228628 -0.984243 -0.176568 0.009510 -133.154656 0.015609 -0.033186 0.999327 2.007531
-0.173826 0.984176 0.034386 -38.516560 -0.984626 -0.174303 0.011383 -134.827655 0.017196 -0.031879 0.999344 2.058741
-0.168717 0.985415 0.022174 -38.816435 -0.985604 -0.168914 0.007322 -136.469082 0.010961 -0.020619 0.999727 2.107649
-0.163427 0.986444 0.014833 -39.102035 -0.986545 -0.163477 0.002174 -138.091215 0.004569 -0.014279 0.999888 2.139035
-0.152317 0.988237 0.013686 -39.353004 -0.988262 -0.152456 0.009732 -139.676133 0.011704 -0.012043 0.999859 2.182243
-0.135035 0.990792 0.009867 -39.575451 -0.990809 -0.135105 0.006715 -141.225779 0.007986 -0.008870 0.999929 2.211308
-0.110062 0.993923 0.001715 -39.765529 -0.993898 -0.110072 0.007083 -142.749862 0.007229 -0.000924 0.999973 2.253606
-0.082440 0.996596 -0.000954 -39.901454 -0.996563 -0.082430 0.008224 -144.259422 0.008117 0.001628 0.999966 2.283245
-0.055670 0.998447 -0.002209 -39.987765 -0.998329 -0.055629 0.015638 -145.740864 0.015491 0.003076 0.999875 2.321898
-0.029357 0.999493 0.012328 -40.003968 -0.999009 -0.029751 0.033091 -147.195935 0.033441 -0.011344 0.999376 2.366260
-0.004821 0.999905 0.012921 -39.997385 -0.999532 -0.005209 0.030143 -148.632656 0.030207 -0.012769 0.999462 2.425175
0.021539 0.999506 0.022899 -39.925552 -0.998910 0.020566 0.041900 -150.783843 0.041408 -0.023777 0.998859 2.525595
0.024983 0.999267 0.028999 -39.870020 -0.998874 0.023782 0.041059 -152.283207 0.040339 -0.029992 0.998736 2.593944
0.020233 0.999504 0.024114 -39.837004 -0.999263 0.019429 0.033099 -153.787741 0.032614 -0.024766 0.999161 2.673157
0.008932 0.999705 0.022603 -39.807409 -0.999469 0.008216 0.031536 -156.028678 0.031341 -0.022872 0.999247 2.777763
-0.002282 0.999664 0.025822 -39.788101 -0.999548 -0.003054 0.029908 -157.515421 0.029977 -0.025742 0.999219 2.837040
-0.013273 0.999573 0.026025 -39.804825 -0.999544 -0.013970 0.026756 -159.023029 0.027108 -0.025658 0.999303 2.901787
-0.023113 0.999315 0.028914 -39.827918 -0.999265 -0.023977 0.029910 -160.447418 0.030583 -0.028202 0.999134 2.961519
-0.027433 0.999290 0.025819 -39.863462 -0.999049 -0.028283 0.033176 -161.878074 0.033883 -0.024885 0.999116 3.025093
-0.016413 0.999731 0.016365 -39.919848 -0.999483 -0.016857 0.027374 -164.023168 0.027643 -0.015907 0.999491 3.117995
0.008553 0.999888 0.012251 -39.915392 -0.999552 0.008198 0.028776 -165.411138 0.028673 -0.012491 0.999511 3.183035
0.056317 0.998302 0.014864 -39.811371 -0.998307 0.056088 0.015405 -167.471982 0.014545 -0.015706 0.999771 3.250737
0.091062 0.995723 0.015590 -39.691286 -0.995845 0.091057 0.001034 -168.835310 -0.000390 -0.015619 0.999878 3.285379
0.126320 0.991836 0.017476 -39.520613 -0.991942 0.126467 -0.007537 -170.155964 -0.009685 -0.016383 0.999819 3.307664
0.161398 0.986710 0.018816 -39.307322 -0.986817 0.161587 -0.008996 -171.431718 -0.011917 -0.017116 0.999782 3.319717
0.191711 0.981079 0.027034 -39.042949 -0.981288 0.192110 -0.012980 -172.696409 -0.017928 -0.024040 0.999550 3.318695
0.224787 0.974130 0.023289 -38.625735 -0.974197 0.225171 -0.015415 -174.555117 -0.020260 -0.019223 0.999610 3.315292
0.243452 0.969628 0.023500 -38.312086 -0.969903 0.243488 0.001360 -175.734693 -0.004403 -0.023124 0.999723 3.316981
0.258404 0.965894 0.016634 -37.999701 -0.966035 0.258328 0.006579 -176.944377 0.002057 -0.017769 0.999840 3.310821
0.268540 0.962840 0.028720 -37.639643 -0.963094 0.268939 -0.010998 -178.160494 -0.018313 -0.024707 0.999527 3.323753
0.271430 0.962058 0.027762 -37.297294 -0.962050 0.272042 -0.021280 -179.384260 -0.028025 -0.020932 0.999388 3.333951
0.276115 0.960870 0.022123 -36.776830 -0.960766 0.276567 -0.020977 -181.209259 -0.026275 -0.015463 0.999535 3.285553
0.285765 0.957983 0.024627 -36.220491 -0.957514 0.286477 -0.033134 -183.068332 -0.038797 -0.014112 0.999147 3.263697
0.299990 0.953664 0.023046 -35.839924 -0.952962 0.300689 -0.038065 -184.302462 -0.043231 -0.010543 0.999009 3.225560
0.320555 0.946968 0.022292 -35.421354 -0.946236 0.321208 -0.038244 -185.545255 -0.043376 -0.008835 0.999020 3.194367
0.355083 0.934599 0.020987 -34.724712 -0.934134 0.355596 -0.030736 -187.410878 -0.036189 -0.008691 0.999307 3.129781
0.388862 0.920912 0.026595 -33.934984 -0.920294 0.389623 -0.035394 -189.292289 -0.042957 -0.010712 0.999020 3.081602
0.409662 0.911575 0.034759 -33.067947 -0.910915 0.410822 -0.038185 -191.182182 -0.049088 -0.016019 0.998666 3.002824
0.412373 0.910540 0.029410 -32.485613 -0.909645 0.413308 -0.041503 -192.476148 -0.049946 -0.009638 0.998705 2.951373
0.410617 0.911568 0.020913 -31.592360 -0.910610 0.411145 -0.041820 -194.473416 -0.046720 -0.001871 0.998906 2.863424
0.408785 0.912400 0.020503 -30.981185 -0.910984 0.409293 -0.050861 -195.836860 -0.054797 0.002114 0.998495 2.808983
0.405301 0.913926 0.021667 -30.361371 -0.912351 0.405875 -0.053681 -197.207011 -0.057855 0.001989 0.998323 2.746714
0.401877 0.915394 0.023410 -29.747035 -0.913844 0.402558 -0.053251 -198.576822 -0.058170 0.000007 0.998307 2.681357
0.400412 0.916119 0.019889 -29.142264 -0.915049 0.400906 -0.044264 -199.946996 -0.048524 -0.000476 0.998822 2.628227
0.396529 0.917663 0.025663 -28.228488 -0.916473 0.397329 -0.046974 -202.007200 -0.053303 -0.004893 0.998566 2.536395
0.389406 0.920504 0.032172 -27.629217 -0.919400 0.390564 -0.046502 -203.375388 -0.055370 -0.011471 0.998400 2.481697
0.374090 0.926851 0.031676 -27.065520 -0.925667 0.375259 -0.048187 -204.749120 -0.056549 -0.011295 0.998336 2.414000
0.353471 0.934995 0.029038 -26.537606 -0.934001 0.354479 -0.044576 -206.120265 -0.051972 -0.011365 0.998584 2.373955
0.331596 0.942988 0.028609 -26.041377 -0.941615 0.332684 -0.051800 -207.513672 -0.058365 -0.009762 0.998248 2.289729
0.315887 0.948369 0.028478 -25.573519 -0.946058 0.317112 -0.066442 -208.936084 -0.072042 -0.005954 0.997384 2.239632
0.306794 0.951219 0.032542 -24.875015 -0.948650 0.308377 -0.070482 -211.058460 -0.077079 -0.009247 0.996982 2.097772
0.305402 0.951579 0.035038 -24.409182 -0.949288 0.307142 -0.067209 -212.477654 -0.074716 -0.012735 0.997123 2.003611
0.306827 0.951042 0.037093 -23.936225 -0.948626 0.308746 -0.069179 -213.915017 -0.077244 -0.013961 0.996914 1.912052
0.310101 0.950113 0.033506 -23.465757 -0.947403 0.311767 -0.072315 -215.370108 -0.079154 -0.009318 0.996819 1.819748
0.321702 0.946086 0.037808 -22.713667 -0.942838 0.323755 -0.078994 -217.578985 -0.086975 -0.010235 0.996158 1.654627
0.331156 0.942652 0.041739 -22.181257 -0.939037 0.333574 -0.083300 -219.064330 -0.092446 -0.011609 0.995650 1.545549
0.339609 0.939259 0.049582 -21.631821 -0.936673 0.342524 -0.072939 -220.527140 -0.085492 -0.021671 0.996103 1.430457
0.352353 0.934317 0.053833 -20.776747 -0.932142 0.355497 -0.068793 -222.751043 -0.083412 -0.025941 0.996177 1.253944
0.365320 0.929273 0.054712 -19.897033 -0.927232 0.368458 -0.066922 -224.952641 -0.082347 -0.026283 0.996257 1.093721
0.378214 0.924396 0.049467 -19.003591 -0.922340 0.380856 -0.065092 -227.152711 -0.079011 -0.021006 0.996652 0.947238
0.387166 0.920203 0.057695 -18.368061 -0.918310 0.390457 -0.065191 -228.631719 -0.082516 -0.027742 0.996204 0.830363
0.395530 0.917042 0.050892 -17.744181 -0.915576 0.398067 -0.057128 -230.067578 -0.072647 -0.024000 0.997069 0.740102
0.401424 0.913725 0.062972 -17.086179 -0.913096 0.404620 -0.050376 -231.496726 -0.071510 -0.037277 0.996743 0.637078
0.405539 0.911456 0.069186 -16.100806 -0.908226 0.410338 -0.082144 -233.709863 -0.103260 -0.029524 0.994216 0.463034
0.410537 0.909044 0.071402 -15.440158 -0.906073 0.415482 -0.080044 -235.151568 -0.102430 -0.031835 0.994231 0.340386
0.423636 0.903456 0.065575 -14.429576 -0.901509 0.427572 -0.066811 -237.294233 -0.088399 -0.030813 0.995608 0.148728
0.434704 0.898363 0.063056 -13.380740 -0.895841 0.438527 -0.071858 -239.445920 -0.092206 -0.025251 0.995420 -0.031059
0.439673 0.895873 0.064027 -12.659446 -0.892148 0.443853 -0.084064 -240.903035 -0.103729 -0.020161 0.994401 -0.163344
0.442492 0.894372 0.065575 -11.934590 -0.889343 0.447045 -0.096022 -242.361773 -0.115194 -0.015830 0.993217 -0.320100
0.445845 0.892300 0.070869 -11.193612 -0.888444 0.450780 -0.086402 -243.793902 -0.109042 -0.024441 0.993737 -0.469418
0.448075 0.891675 0.064387 -10.082478 -0.889561 0.451859 -0.067114 -245.947977 -0.088937 -0.027204 0.995666 -0.674696
0.450891 0.890334 0.063264 -8.978909 -0.887447 0.454761 -0.075042 -248.124434 -0.095582 -0.022308 0.995172 -0.866399
0.454429 0.888417 0.064887 -7.855578 -0.884712 0.458622 -0.083365 -250.312816 -0.103821 -0.019523 0.994404 -1.071824
0.456683 0.887340 0.063777 -7.099280 -0.884011 0.460676 -0.079387 -251.750049 -0.099824 -0.020125 0.994802 -1.209429
0.463121 0.884093 0.062431 -5.958560 -0.880323 0.467021 -0.083200 -253.932343 -0.102713 -0.016428 0.994575 -1.420844
0.470734 0.880147 0.061240 -5.180333 -0.876094 0.474511 -0.085435 -255.371267 -0.104255 -0.013434 0.994460 -1.564879
0.484403 0.872643 0.062035 -3.979038 -0.869544 0.488050 -0.075499 -257.504000 -0.096160 -0.017370 0.995214 -1.776696
0.500626 0.863941 0.054589 -3.164318 -0.860666 0.503511 -0.075699 -258.930901 -0.092886 -0.009086 0.995635 -1.904997
0.536680 0.842327 0.049609 -1.855025 -0.838479 0.538965 -0.080437 -261.038023 -0.094492 0.001572 0.995524 -2.100486
0.561611 0.825608 0.054454 -0.929335 -0.820961 0.564226 -0.087587 -262.405328 -0.103037 0.004485 0.994667 -2.233995
0.586507 0.807256 0.065936 0.531131 -0.803895 0.590125 -0.074201 -264.381148 -0.098810 -0.009486 0.995061 -2.451493
0.585557 0.807158 0.074958 1.512980 -0.804870 0.589909 -0.064744 -265.686257 -0.096477 -0.022420 0.995083 -2.582830
0.570172 0.817736 0.078818 2.486795 -0.816828 0.574542 -0.051898 -267.003061 -0.087723 -0.034790 0.995537 -2.720177
0.539483 0.838501 0.076648 3.851355 -0.837262 0.543862 -0.056622 -269.052876 -0.089164 -0.033628 0.995449 -2.892204
0.522439 0.849781 0.070213 4.716667 -0.848109 0.526388 -0.060222 -270.450514 -0.088135 -0.028086 0.995713 -3.007505
0.499535 0.863313 0.071806 5.976941 -0.861948 0.503611 -0.058492 -272.574349 -0.086659 -0.032675 0.995702 -3.183429
0.488904 0.868599 0.080678 6.811850 -0.866929 0.494073 -0.065766 -274.013262 -0.096986 -0.037789 0.994568 -3.319750
0.481750 0.872314 0.083576 7.622245 -0.870643 0.487281 -0.067360 -275.460837 -0.099484 -0.040314 0.994222 -3.452998
0.478454 0.874377 0.080909 8.430923 -0.874459 0.482833 -0.046833 -276.879221 -0.080015 -0.048344 0.995621 -3.580438
0.474767 0.876290 0.081935 9.659695 -0.876760 0.479022 -0.042783 -279.085736 -0.076739 -0.051526 0.995719 -3.755560
0.474653 0.876551 0.079772 10.467828 -0.876388 0.479063 -0.049427 -280.573437 -0.081541 -0.046450 0.995587 -3.861051
0.480059 0.873623 0.079542 11.300279 -0.873098 0.484623 -0.053295 -282.081426 -0.085107 -0.043863 0.995406 -3.982755
0.490566 0.867463 0.082788 12.581298 -0.867154 0.495337 -0.051821 -284.320726 -0.085960 -0.046368 0.995219 -4.172718
0.504605 0.860223 0.073423 13.894782 -0.859903 0.508362 -0.046215 -286.574541 -0.077081 -0.039816 0.996230 -4.349726
0.519095 0.851577 0.073186 14.812685 -0.851244 0.522798 -0.045451 -288.083416 -0.076966 -0.038706 0.996282 -4.463078
0.531659 0.842832 0.083501 15.779153 -0.842213 0.536526 -0.053064 -289.590907 -0.089525 -0.042114 0.995094 -4.591143
0.543955 0.833947 0.092979 16.772513 -0.833133 0.549959 -0.058609 -291.081691 -0.100011 -0.045584 0.993942 -4.742724
0.559682 0.824144 0.086852 17.790419 -0.823766 0.564709 -0.050143 -292.571136 -0.090371 -0.043482 0.994959 -4.885415
0.581809 0.810509 0.067627 19.352324 -0.810186 0.584855 -0.039285 -294.783062 -0.071393 -0.031934 0.996937 -5.078860
0.596190 0.800400 0.062585 20.435661 -0.799014 0.599146 -0.050996 -296.276178 -0.078315 -0.019603 0.996736 -5.190327
0.610230 0.789612 0.064288 21.562866 -0.787098 0.613498 -0.064002 -297.757778 -0.089978 -0.011545 0.995877 -5.319671
0.622327 0.779567 0.070607 22.737547 -0.777139 0.626129 -0.063382 -299.205404 -0.093619 -0.015428 0.995489 -5.454464
0.631893 0.771511 0.074033 23.929161 -0.768857 0.636030 -0.065759 -300.647117 -0.097821 -0.015368 0.995085 -5.616401
0.641046 0.764285 0.070204 25.144158 -0.761800 0.644745 -0.062966 -302.085891 -0.093388 -0.013117 0.995543 -5.765112
0.650238 0.756787 0.066816 26.379388 -0.754449 0.653568 -0.060471 -303.511602 -0.089432 -0.011088 0.995931 -5.913683
0.657150 0.749912 0.076065 27.651070 -0.747255 0.661382 -0.064677 -304.937182 -0.098810 -0.014338 0.995003 -6.082604
0.665923 0.742198 0.075423 28.924674 -0.740044 0.669975 -0.058888 -306.346211 -0.094238 -0.016602 0.995411 -6.233217
0.675122 0.734625 0.067351 30.208295 -0.732489 0.678386 -0.057023 -307.744946 -0.087581 -0.010836 0.996098 -6.377419
0.688371 0.723007 0.058363 32.160071 -0.719873 0.690827 -0.067393 -309.834697 -0.089044 0.004377 0.996018 -6.585533
0.696987 0.714940 0.055406 33.484371 -0.711222 0.699082 -0.073812 -311.206523 -0.091504 0.012040 0.995732 -6.735162
0.704091 0.707889 0.056111 34.823994 -0.704290 0.706233 -0.072183 -312.539369 -0.090725 0.011305 0.995812 -6.871208
0.711321 0.700767 0.054294 36.170785 -0.697026 0.713240 -0.073778 -313.867268 -0.090426 0.014636 0.995796 -7.014524
0.719510 0.692372 0.054105 37.530371 -0.688630 0.721371 -0.073573 -315.174071 -0.089970 0.015678 0.995821 -7.164738
0.726576 0.684681 0.057445 38.910062 -0.680719 0.728678 -0.075164 -316.466701 -0.093322 0.015509 0.995515 -7.301016
0.731338 0.678740 0.066760 40.304510 -0.674987 0.734342 -0.071651 -317.725827 -0.097657 0.007339 0.995193 -7.456171
0.734468 0.675132 0.068944 41.691532 -0.670714 0.737616 -0.077886 -318.996684 -0.103437 0.010963 0.994576 -7.615947
0.737473 0.672656 0.060556 43.073429 -0.669233 0.739888 -0.068506 -320.245396 -0.090886 0.009996 0.995811 -7.771455
0.736244 0.673954 0.061088 44.469429 -0.670277 0.738684 -0.071233 -321.503392 -0.093132 0.011499 0.995587 -7.918264
0.728827 0.681539 0.065703 46.570776 -0.677400 0.731704 -0.075749 -323.428815 -0.099700 0.010701 0.994960 -8.160241
0.720262 0.690754 0.063889 47.961032 -0.687587 0.723080 -0.066173 -324.721588 -0.091906 0.003733 0.995761 -8.320207
0.709179 0.702174 0.063372 49.337167 -0.699170 0.712003 -0.064906 -326.045621 -0.090696 0.001722 0.995877 -8.470670
0.697158 0.713725 0.067575 50.703856 -0.710636 0.700424 -0.066356 -327.399156 -0.094691 -0.001760 0.995505 -8.620129
0.683417 0.725758 0.078852 52.059743 -0.722182 0.687910 -0.072348 -328.787307 -0.106750 -0.007501 0.994258 -8.800479
0.666367 0.742114 0.072261 54.042297 -0.739692 0.670154 -0.061232 -330.912619 -0.093867 -0.012648 0.995504 -9.040334
0.656281 0.751050 0.072237 55.342981 -0.748362 0.660142 -0.064559 -332.380930 -0.096174 -0.011691 0.995296 -9.201855
0.646862 0.759025 0.073825 56.634642 -0.756118 0.650948 -0.067468 -333.864959 -0.099266 -0.012178 0.994986 -9.367043
0.638272 0.765755 0.078916 57.927636 -0.762989 0.642901 -0.067279 -335.371813 -0.102254 -0.017270 0.994608 -9.544626
0.634275 0.768879 0.080756 58.574349 -0.766233 0.639095 -0.066673 -336.132897 -0.102874 -0.019589 0.994502 -9.632665
0.626932 0.774600 0.083375 59.855710 -0.772324 0.631988 -0.064083 -337.666823 -0.102331 -0.024217 0.994456 -9.806479
0.619888 0.780173 0.084078 61.119385 -0.778005 0.625025 -0.063653 -339.219625 -0.102211 -0.025955 0.994424 -9.983476
0.617124 0.782315 0.084508 61.753563 -0.780118 0.622328 -0.064216 -340.010788 -0.102829 -0.026297 0.994351 -10.073405
0.607780 0.789092 0.089086 63.633426 -0.786930 0.613533 -0.065708 -342.392193 -0.106507 -0.030168 0.993854 -10.351072
0.601895 0.793584 0.089145 64.871670 -0.791805 0.607567 -0.062509 -343.986458 -0.103768 -0.032962 0.994055 -10.526416
0.598495 0.796242 0.088334 66.094446 -0.793793 0.604286 -0.068785 -345.609958 -0.108149 -0.028951 0.993713 -10.710684
0.597728 0.796681 0.089557 66.705802 -0.793252 0.603902 -0.077808 -346.423230 -0.116072 -0.024533 0.992938 -10.805289
0.596324 0.797795 0.089000 67.926957 -0.793784 0.602551 -0.082696 -348.036646 -0.119601 -0.021333 0.992593 -11.014335
0.595373 0.799529 0.079276 69.131962 -0.796297 0.600330 -0.074261 -349.631378 -0.106966 -0.018914 0.994083 -11.208522
0.593954 0.801038 0.074536 70.335947 -0.797473 0.598453 -0.076752 -351.248429 -0.106088 -0.013854 0.994260 -11.392632
0.591914 0.802658 0.073335 71.545580 -0.797884 0.596403 -0.087665 -352.884345 -0.114102 -0.006623 0.993447 -11.581469
0.590792 0.803568 0.072406 72.750445 -0.798166 0.595206 -0.093063 -354.512379 -0.117879 -0.002812 0.993024 -11.784170
0.591178 0.803574 0.069111 73.947670 -0.798463 0.595202 -0.090504 -356.129229 -0.113862 -0.001679 0.993495 -11.983124
0.591380 0.803468 0.068618 74.545877 -0.798262 0.595347 -0.091318 -356.934687 -0.114222 -0.000772 0.993455 -12.083876
0.590555 0.804258 0.066438 75.757132 -0.798303 0.594261 -0.097803 -358.567585 -0.118140 0.004720 0.992986 -12.285266
0.590210 0.804516 0.066381 76.356783 -0.798772 0.593920 -0.096028 -359.374221 -0.116681 0.003653 0.993163 -12.389061
0.589397 0.805270 0.064429 77.552527 -0.799461 0.592883 -0.096704 -360.991313 -0.116071 0.005489 0.993226 -12.590767
0.589494 0.805287 0.063328 78.756475 -0.798922 0.592814 -0.101464 -362.623649 -0.119250 0.009219 0.992822 -12.800233
0.589839 0.805162 0.061681 79.357301 -0.798476 0.592928 -0.104268 -363.440354 -0.120525 0.012251 0.992635 -12.903972
0.591063 0.804811 0.054070 80.532722 -0.797114 0.593044 -0.113619 -365.062721 -0.123507 0.024056 0.992052 -13.121569
0.593771 0.803210 0.047843 82.289471 -0.794369 0.594627 -0.124082 -367.453453 -0.128113 0.035671 0.991118 -13.439054
0.595971 0.801674 0.046223 83.457289 -0.792342 0.596432 -0.128313 -369.007018 -0.130434 0.039847 0.990656 -13.656194
0.598888 0.799543 0.045431 84.594912 -0.789944 0.599117 -0.130564 -370.519551 -0.131611 0.042305 0.990398 -13.871956
0.600303 0.798120 0.051380 85.722052 -0.787676 0.601134 -0.134925 -371.985219 -0.138573 0.040525 0.989523 -14.084437
0.598249 0.797996 0.072807 87.364202 -0.786333 0.602123 -0.138304 -374.088016 -0.154205 0.025489 0.987710 -14.416419
0.596534 0.798248 0.083347 88.401549 -0.787209 0.602172 -0.133006 -375.406922 -0.156361 0.013731 0.987605 -14.641940
0.594778 0.799134 0.087317 89.861787 -0.789154 0.601123 -0.126044 -377.301794 -0.153214 0.006062 0.988174 -14.964614
0.593570 0.800113 0.086562 90.785602 -0.790114 0.599813 -0.126271 -378.518572 -0.152952 0.006557 0.988212 -15.169107
0.589104 0.803238 0.088127 91.688872 -0.793325 0.595644 -0.125870 -379.720841 -0.153595 0.004237 0.988125 -15.370702
0.578580 0.810370 0.092440 92.547576 -0.800501 0.585918 -0.126087 -380.878527 -0.156340 -0.001047 0.987703 -15.567553
0.567419 0.818110 0.093448 93.365943 -0.809502 0.575002 -0.118658 -382.014430 -0.150808 -0.008318 0.988528 -15.749735
0.552629 0.828119 0.093916 94.161514 -0.821023 0.560306 -0.109449 -383.154353 -0.143259 -0.016622 0.989546 -15.934040
0.521722 0.846563 0.105533 95.341547 -0.838631 0.531623 -0.118639 -384.975627 -0.156539 -0.026607 0.987313 -16.235498
0.501776 0.858500 0.105819 96.075221 -0.849650 0.512114 -0.125834 -386.215615 -0.162220 -0.026768 0.986391 -16.439756
0.485809 0.868588 0.097695 96.797513 -0.859848 0.494990 -0.125085 -387.485339 -0.157005 -0.023235 0.987324 -16.644926
0.474776 0.876059 0.084307 97.493454 -0.866970 0.482027 -0.126543 -388.780920 -0.151497 -0.013012 0.988372 -16.844655
0.458690 0.883539 0.094668 98.564713 -0.868945 0.468275 -0.160167 -390.809773 -0.185845 -0.008795 0.982540 -17.194733
0.441705 0.891214 0.103122 99.640291 -0.874035 0.453397 -0.174625 -392.881245 -0.202384 -0.012999 0.979220 -17.611293
0.423858 0.900472 0.097437 100.677711 -0.880996 0.434860 -0.186396 -395.014554 -0.210216 -0.006836 0.977631 -18.068405
0.412990 0.906056 0.092204 101.343003 -0.884698 0.423157 -0.195569 -396.445344 -0.216213 -0.000804 0.976346 -18.376540
0.401565 0.911254 0.091443 101.978570 -0.890214 0.411832 -0.194712 -397.845128 -0.215091 -0.003214 0.976589 -18.688011
0.386984 0.917483 0.092024 102.594581 -0.896437 0.397716 -0.195508 -399.238697 -0.215974 -0.006835 0.976375 -18.991892
0.358326 0.929407 0.088342 103.438323 -0.908072 0.368941 -0.198213 -401.314388 -0.216814 -0.009196 0.976170 -19.436454
0.338608 0.937202 0.083644 103.937244 -0.915687 0.348672 -0.199861 -402.664282 -0.216474 -0.008918 0.976248 -19.722424
0.317128 0.944720 0.083274 104.410698 -0.926316 0.327384 -0.186435 -403.991364 -0.203391 -0.018014 0.978932 -19.990844
0.287134 0.953944 0.086866 104.851807 -0.938900 0.298249 -0.171799 -405.328723 -0.189794 -0.032229 0.981295 -20.256746
0.249196 0.965317 0.077870 105.206834 -0.951422 0.259034 -0.166427 -406.670766 -0.180826 -0.032614 0.982974 -20.500331
0.190134 0.980149 0.056187 105.620458 -0.968332 0.196659 -0.153812 -408.739310 -0.161809 -0.025163 0.986501 -20.828789
0.153500 0.986884 0.049984 105.845373 -0.974373 0.159583 -0.158527 -410.191834 -0.164424 -0.024369 0.986089 -21.049525
0.124352 0.991117 0.047148 106.038484 -0.975740 0.130775 -0.175584 -411.695972 -0.180190 -0.024170 0.983335 -21.291547
0.105619 0.993145 0.050071 106.212331 -0.976391 0.113116 -0.184027 -413.201345 -0.188430 -0.029452 0.981645 -21.539760
0.081600 0.994776 0.061338 106.447054 -0.977195 0.091959 -0.191399 -415.451208 -0.196039 -0.044321 0.979594 -21.956865
0.070736 0.994522 0.076958 106.595325 -0.983178 0.082537 -0.162938 -416.917846 -0.168397 -0.064137 0.983630 -22.194628
0.063547 0.994624 0.081766 106.708545 -0.986125 0.075172 -0.148012 -418.442146 -0.153363 -0.071226 0.985600 -22.421485
0.065603 0.993255 0.095606 106.901919 -0.985941 0.079278 -0.147090 -420.759627 -0.153677 -0.084613 0.984492 -22.780662
0.081362 0.991631 0.100237 107.103646 -0.990231 0.091852 -0.104909 -422.978836 -0.113238 -0.090722 0.989417 -23.032808
0.087798 0.990958 0.101459 107.312901 -0.987724 0.099814 -0.120160 -425.190964 -0.129200 -0.089663 0.987556 -23.288364
0.096204 0.991206 0.090864 107.504653 -0.989048 0.105460 -0.103261 -427.288451 -0.111935 -0.079934 0.990495 -23.495070
0.096481 0.991425 0.088136 107.714401 -0.990526 0.104332 -0.089293 -429.320784 -0.097723 -0.078686 0.992098 -23.676200
0.088064 0.991293 0.097897 107.869231 -0.991873 0.096324 -0.083121 -430.618411 -0.091827 -0.089781 0.991719 -23.784299
0.059264 0.992898 0.103161 107.971423 -0.994453 0.067719 -0.080487 -431.923927 -0.086902 -0.097819 0.991403 -23.880916
0.022498 0.995022 0.097078 108.004362 -0.996247 0.030432 -0.081034 -433.194003 -0.083585 -0.094891 0.991972 -23.966722
-0.012710 0.995728 0.091452 107.993811 -0.996745 -0.005336 -0.080438 -434.386920 -0.079606 -0.092177 0.992555 -24.034497
-0.048451 0.994614 0.091628 107.952209 -0.995788 -0.040951 -0.082038 -435.504358 -0.077844 -0.095216 0.992408 -24.098656
-0.102712 0.990781 0.088334 107.804691 -0.992262 -0.095827 -0.078951 -436.968908 -0.069759 -0.095759 0.992957 -24.184980
-0.144041 0.986465 0.078357 107.612747 -0.988775 -0.140297 -0.051385 -438.177241 -0.039697 -0.084879 0.995600 -24.210408
-0.179013 0.981388 0.069508 107.362619 -0.983505 -0.176641 -0.038940 -439.526633 -0.025938 -0.075333 0.996821 -24.252885
-0.201504 0.976521 0.076175 107.118004 -0.978923 -0.198137 -0.049516 -440.825827 -0.033260 -0.084547 0.995864 -24.267905
-0.197801 0.978608 0.056579 106.855719 -0.979790 -0.195626 -0.041747 -441.949443 -0.029786 -0.063693 0.997525 -24.265154
-0.162282 0.985059 0.057641 106.687980 -0.986362 -0.160315 -0.037280 -443.010879 -0.027482 -0.062905 0.997641 -24.285273
-0.106498 0.992413 0.061444 106.558038 -0.993433 -0.103602 -0.048548 -444.376765 -0.041814 -0.066211 0.996929 -24.311571
-0.036667 0.997970 0.052081 106.507990 -0.998212 -0.034114 -0.049090 -445.465105 -0.047214 -0.053788 0.997436 -24.353365
0.053503 0.996502 0.064193 106.608920 -0.997681 0.056053 -0.038605 -446.710741 -0.042068 -0.061978 0.997191 -24.413705
0.180971 0.981661 0.059921 106.918997 -0.982171 0.183546 -0.040634 -448.522806 -0.050887 -0.051499 0.997376 -24.489065
0.276706 0.959269 0.056898 107.398248 -0.959406 0.279136 -0.040284 -450.203467 -0.054525 -0.043441 0.997567 -24.577005
0.350382 0.935090 0.053289 108.091170 -0.934898 0.352611 -0.040372 -452.139544 -0.056542 -0.035674 0.997763 -24.683910
0.385250 0.921678 0.045735 108.521319 -0.921029 0.387113 -0.043001 -453.186049 -0.057337 -0.025557 0.998028 -24.742810
0.418357 0.907365 0.040826 109.020006 -0.906484 0.419934 -0.044079 -454.268437 -0.057140 -0.018567 0.998193 -24.802439
0.446365 0.893846 0.042392 109.591062 -0.893092 0.447956 -0.041494 -455.390902 -0.056079 -0.019339 0.998239 -24.866754
0.468055 0.882575 0.044562 110.218838 -0.881683 0.469797 -0.043881 -456.561505 -0.059664 -0.018751 0.998042 -24.936934
0.482072 0.874835 0.047656 110.899316 -0.873743 0.484059 -0.047527 -457.781003 -0.064647 -0.018728 0.997732 -25.015491
0.490457 0.870019 0.050183 111.622310 -0.868968 0.492596 -0.047368 -459.044391 -0.065931 -0.020376 0.997616 -25.099448
0.499079 0.865089 0.050410 112.773099 -0.864083 0.501204 -0.046427 -461.024269 -0.065429 -0.020388 0.997649 -25.238163
0.504025 0.862386 0.047418 113.586023 -0.861399 0.505926 -0.045069 -462.416360 -0.062857 -0.018130 0.997858 -25.329132
0.509118 0.859536 0.044684 114.432018 -0.858603 0.510814 -0.043235 -463.832197 -0.059987 -0.016355 0.998065 -25.421909
0.513008 0.857487 0.039232 115.303231 -0.856375 0.514398 -0.044901 -465.297023 -0.058683 -0.010563 0.998221 -25.507621
0.516397 0.855546 0.037093 116.210080 -0.854521 0.517640 -0.042940 -466.787308 -0.055938 -0.009523 0.998389 -25.599568
0.517497 0.855011 0.033952 117.140638 -0.854206 0.518528 -0.038230 -468.322381 -0.050292 -0.009218 0.998692 -25.678479
0.518116 0.854489 0.037460 118.110776 -0.853579 0.519357 -0.040889 -469.894216 -0.054395 -0.010789 0.998461 -25.769173
0.518884 0.854059 0.036648 119.095297 -0.852988 0.520105 -0.043607 -471.507558 -0.056304 -0.008633 0.998376 -25.860853
0.520287 0.853398 0.031827 120.100380 -0.852221 0.521246 -0.044973 -473.156695 -0.054970 -0.003725 0.998481 -25.951416
0.522374 0.852229 0.028836 121.666467 -0.850889 0.523169 -0.047767 -475.704342 -0.055795 0.000416 0.998442 -26.098391
0.523563 0.851477 0.029457 122.747907 -0.850248 0.524390 -0.045749 -477.447617 -0.054401 -0.001093 0.998519 -26.195867
0.523608 0.851413 0.030518 123.859893 -0.850099 0.524495 -0.047295 -479.226231 -0.056274 -0.001179 0.998415 -26.289995
0.522815 0.851720 0.035193 124.421409 -0.850535 0.523961 -0.045342 -480.110783 -0.057058 -0.006228 0.998351 -26.345384
0.517015 0.855134 0.037971 125.551326 -0.854327 0.518263 -0.039095 -481.931251 -0.053111 -0.012227 0.998514 -26.446299
0.502148 0.863578 0.045601 126.683061 -0.863384 0.503636 -0.030304 -483.771463 -0.049136 -0.024154 0.998500 -26.543252
0.462646 0.884804 0.055497 128.291787 -0.885169 0.464507 -0.026630 -486.626062 -0.049341 -0.036804 0.998104 -26.664368
0.431097 0.900146 0.062397 129.285986 -0.900731 0.433398 -0.029162 -488.575363 -0.053293 -0.043631 0.997625 -26.756373
0.396653 0.915789 0.063225 130.205462 -0.916786 0.398696 -0.023341 -490.571963 -0.046583 -0.048706 0.997726 -26.837956
0.356828 0.931839 0.065956 131.048353 -0.933020 0.359001 -0.024314 -492.615168 -0.046335 -0.052862 0.997526 -26.920085
0.310625 0.948257 0.065741 131.798392 -0.949560 0.312691 -0.023647 -494.722211 -0.042980 -0.055080 0.997556 -26.986277
0.232634 0.969653 0.075200 132.723904 -0.972251 0.233827 -0.007342 -497.888415 -0.024703 -0.071406 0.997141 -27.086922
0.172024 0.982019 0.077752 133.193206 -0.984963 0.172746 -0.002596 -500.094321 -0.015981 -0.076136 0.996969 -27.103153
0.115311 0.990578 0.073883 133.506247 -0.993319 0.115332 0.003992 -502.290336 -0.004567 -0.073850 0.997259 -27.095061
0.042219 0.996757 0.068503 133.764093 -0.999099 0.041822 0.007230 -505.639325 0.004342 -0.068747 0.997625 -27.053832
-0.000790 0.997409 0.071938 133.813705 -0.999930 -0.001638 0.011726 -507.878480 0.011814 -0.071924 0.997340 -27.024005
-0.040242 0.996883 0.067853 133.761930 -0.999127 -0.040908 0.008445 -510.139037 0.011195 -0.067454 0.997660 -26.971336
-0.069452 0.996026 0.055754 133.548205 -0.997457 -0.070231 0.012141 -513.538240 0.016009 -0.054769 0.998371 -26.892382
-0.077456 0.995355 0.057184 133.394647 -0.996848 -0.078304 0.012745 -515.805938 0.017163 -0.056017 0.998282 -26.838663
-0.085047 0.994738 0.057120 133.217570 -0.996128 -0.086167 0.017440 -518.092699 0.022270 -0.055416 0.998215 -26.775970
-0.091081 0.994304 0.055358 133.007624 -0.995556 -0.092250 0.018932 -520.430070 0.023931 -0.053388 0.998287 -26.700072
-0.097806 0.993553 0.057323 132.696934 -0.995033 -0.098699 0.012949 -524.011555 0.018524 -0.055772 0.998272 -26.617674
-0.097632 0.993453 0.059326 132.465883 -0.994899 -0.098947 0.019639 -526.427577 0.025381 -0.057106 0.998045 -26.551958
-0.097462 0.993558 0.057831 132.234049 -0.994927 -0.098722 0.019340 -528.886283 0.024924 -0.055652 0.998139 -26.471863
-0.098916 0.993101 0.062971 132.014690 -0.994746 -0.100360 0.020189 -531.372642 0.026370 -0.060643 0.997811 -26.398415
-0.103329 0.992643 0.063116 131.771217 -0.994355 -0.104629 0.017647 -533.902657 0.024121 -0.060936 0.997850 -26.319361
-0.107766 0.992204 0.062584 131.507587 -0.993854 -0.109122 0.018645 -536.445762 0.025329 -0.060190 0.997866 -26.233343
-0.114401 0.991447 0.062817 131.234459 -0.993134 -0.115693 0.017323 -539.026617 0.024442 -0.060404 0.997875 -26.154406
-0.122103 0.990389 0.064971 130.936346 -0.992265 -0.123286 0.014510 -541.637515 0.022381 -0.062697 0.997782 -26.080144
-0.128103 0.989460 0.067521 130.622369 -0.991490 -0.129363 0.014612 -544.272367 0.023193 -0.065074 0.997611 -26.006490
-0.133620 0.988835 0.065958 130.280563 -0.990752 -0.134871 0.014871 -546.944062 0.023601 -0.063361 0.997712 -25.928727
-0.136254 0.988410 0.066937 130.102607 -0.990370 -0.137576 0.015524 -548.292003 0.024553 -0.064177 0.997636 -25.883502
-0.142224 0.987579 0.066784 129.729662 -0.989517 -0.143564 0.015677 -551.014701 0.025070 -0.063855 0.997644 -25.800875
-0.149896 0.986424 0.067073 129.339480 -0.988394 -0.151196 0.014720 -553.771429 0.024661 -0.064088 0.997640 -25.713439
-0.153885 0.985787 0.067404 129.137512 -0.987782 -0.155178 0.014355 -555.159888 0.024611 -0.064371 0.997623 -25.672553
-0.160162 0.984788 0.067380 128.702256 -0.986754 -0.161517 0.015136 -557.956865 0.025789 -0.064063 0.997613 -25.583689
-0.164379 0.984138 0.066721 128.246801 -0.986048 -0.165745 0.015440 -560.767248 0.026254 -0.063253 0.997652 -25.492636
-0.165823 0.983918 0.066390 128.014053 -0.985812 -0.167167 0.015190 -562.200504 0.026044 -0.062929 0.997678 -25.444483
-0.168424 0.983599 0.064541 127.538492 -0.985356 -0.169767 0.015875 -565.055912 0.026571 -0.060922 0.997789 -25.350066
-0.169734 0.983404 0.064091 127.295859 -0.985129 -0.171072 0.015966 -566.506589 0.026665 -0.060428 0.997816 -25.300532
-0.171814 0.983103 0.063148 126.805747 -0.984796 -0.173070 0.014945 -569.420323 0.025622 -0.059620 0.997892 -25.208604
-0.174528 0.982559 0.064176 126.308163 -0.984379 -0.175644 0.012125 -572.342117 0.023186 -0.061057 0.997865 -25.119390
-0.175584 0.982443 0.063051 126.049241 -0.984237 -0.176560 0.010221 -573.829098 0.021173 -0.060263 0.997958 -25.076671
-0.176604 0.982248 0.063247 125.532370 -0.984023 -0.177667 0.011545 -576.795821 0.022577 -0.060198 0.997931 -24.984955
-0.177260 0.982127 0.063294 125.015984 -0.983903 -0.178327 0.011581 -579.746433 0.022661 -0.060223 0.997928 -24.892648
-0.177040 0.982265 0.061747 124.751398 -0.983958 -0.178049 0.011205 -581.240910 0.022000 -0.058773 0.998029 -24.845611
-0.176472 0.982377 0.061597 124.231932 -0.984006 -0.177617 0.013593 -584.208474 0.024294 -0.058213 0.998009 -24.750272
