1.000000 -0.000000 -0.000000 -0.000000 0.000000 1.000000 -0.000000 0.000000 0.000000 0.000000 1.000000 0.000000
0.999972 -0.007013 -0.002718 1.379209 0.007008 0.999974 -0.001955 0.014040 0.002732 0.001936 0.999994 0.012301
0.999782 -0.020314 -0.004748 3.578504 0.020310 0.999793 -0.001018 0.060552 0.004768 0.000921 0.999988 0.022113
0.999541 -0.029681 -0.006063 5.117272 0.029700 0.999554 0.003176 0.119615 0.005967 -0.003355 0.999977 0.039546
0.999252 -0.038580 -0.002607 6.716952 0.038593 0.999241 0.005329 0.187486 0.002399 -0.005425 0.999982 0.050143
0.998999 -0.044725 -0.000113 8.347337 0.044726 0.998990 0.004204 0.264822 -0.000075 -0.004204 0.999991 0.063676
0.998810 -0.048775 -0.000609 10.006330 0.048776 0.998808 0.002031 0.347451 0.000510 -0.002059 0.999998 0.073735
0.998638 -0.052168 0.000177 11.710382 0.052168 0.998638 -0.001142 0.439322 -0.000117 0.001150 0.999999 0.083711
0.998368 -0.056768 -0.006168 14.329879 0.056805 0.998367 0.006013 0.610220 0.005817 -0.006353 0.999963 0.100683
0.998227 -0.059359 -0.004500 16.112908 0.059387 0.998215 0.006376 0.719577 0.004114 -0.006632 0.999970 0.119250
0.998081 -0.061865 -0.002511 17.927682 0.061880 0.998063 0.006392 0.840896 0.002111 -0.006535 0.999976 0.142641
0.997879 -0.065068 -0.002031 20.673512 0.065078 0.997866 0.005266 1.023852 0.001684 -0.005387 0.999984 0.167982
0.997998 -0.062735 0.008072 23.486431 0.062690 0.998017 0.005686 1.216103 -0.008413 -0.005168 0.999951 0.178530
0.998204 -0.059532 0.006647 25.381388 0.059500 0.998216 0.005042 1.340799 -0.006935 -0.004637 0.999965 0.178001
0.998365 -0.057153 -0.001023 27.296967 0.057159 0.998340 0.007070 1.463739 0.000617 -0.007117 0.999974 0.185682
0.998398 -0.056334 0.005235 29.249993 0.056323 0.998410 0.002315 1.574240 -0.005357 -0.002017 0.999984 0.196038
0.998262 -0.058217 0.009111 31.211896 0.058303 0.998253 -0.009575 1.680622 -0.008538 0.010089 0.999913 0.201559
0.998131 -0.061081 0.001864 33.177097 0.061096 0.998084 -0.009726 1.804086 -0.001266 0.009822 0.999951 0.208146
0.997860 -0.065171 0.005393 36.190340 0.065213 0.997838 -0.008186 2.011436 -0.004848 0.008520 0.999952 0.214062
0.997786 -0.066165 0.006658 37.205512 0.066205 0.997788 -0.005931 2.086850 -0.006251 0.006359 0.999960 0.224220
0.997658 -0.067223 0.012594 39.201893 0.067295 0.997719 -0.005360 2.227338 -0.012205 0.006195 0.999906 0.233249
0.997601 -0.067734 0.014273 41.211720 0.067738 0.997703 0.000158 2.384357 -0.014251 0.000809 0.999898 0.220978
0.997667 -0.067481 0.010355 43.214874 0.067449 0.997717 0.003401 2.533128 -0.010561 -0.002695 0.999941 0.219042
0.997431 -0.070432 0.013045 46.191453 0.070432 0.997517 0.000455 2.746348 -0.013044 0.000465 0.999915 0.212419
0.997444 -0.071243 0.005519 48.137755 0.071219 0.997451 0.004462 2.903970 -0.005822 -0.004057 0.999975 0.215114
0.997334 -0.072027 0.011667 51.068010 0.072021 0.997403 0.000880 3.123478 -0.011700 -0.000037 0.999932 0.231495
0.997281 -0.072899 0.010744 53.965883 0.072962 0.997319 -0.005546 3.330187 -0.010311 0.006314 0.999927 0.238654
0.997070 -0.074761 0.016190 55.880554 0.074917 0.997147 -0.009282 3.474795 -0.015449 0.010468 0.999826 0.230933
0.996794 -0.076378 0.023845 57.782894 0.076628 0.997012 -0.009766 3.624946 -0.023028 0.011561 0.999668 0.217808
0.996781 -0.079797 0.007801 60.565867 0.079838 0.996794 -0.005184 3.863172 -0.007363 0.005790 0.999956 0.216169
0.996488 -0.082896 0.011826 63.259029 0.082861 0.996555 0.003435 4.108056 -0.012070 -0.002443 0.999924 0.216025
0.996274 -0.085350 0.012404 64.982824 0.085275 0.996337 0.006453 4.269107 -0.012909 -0.005371 0.999902 0.220912
0.996015 -0.088163 0.013486 66.654739 0.088077 0.996090 0.006818 4.425381 -0.014035 -0.005603 0.999886 0.226792
0.995534 -0.092068 0.020882 69.076929 0.091857 0.995713 0.010895 4.662951 -0.021796 -0.008928 0.999723 0.216071
0.995300 -0.094915 0.019229 70.598163 0.094612 0.995383 0.016140 4.820908 -0.020672 -0.014244 0.999685 0.216992
0.995243 -0.097245 0.005925 72.036563 0.097138 0.995138 0.016246 4.971632 -0.007476 -0.015594 0.999850 0.216497
0.995089 -0.098688 0.007678 73.408480 0.098520 0.994938 0.019803 5.122271 -0.009593 -0.018950 0.999774 0.216183
0.994870 -0.100890 0.007440 74.701563 0.100753 0.994768 0.016877 5.255098 -0.009104 -0.016040 0.999830 0.227085
0.995332 -0.096495 -0.001510 76.496265 0.096503 0.995305 0.007431 5.430039 0.000785 -0.007542 0.999971 0.250069
0.996136 -0.087720 0.004210 77.632155 0.087668 0.996087 0.011201 5.547473 -0.005176 -0.010789 0.999928 0.254239
0.997166 -0.074094 0.013026 78.712501 0.074059 0.997249 0.003161 5.613237 -0.013225 -0.002187 0.999910 0.272671
0.999444 -0.030597 0.013238 80.224964 0.030375 0.999400 0.016653 5.708889 -0.013740 -0.016241 0.999774 0.268264
0.998754 0.046641 0.017758 81.622298 -0.046833 0.998848 0.010505 5.646719 -0.017247 -0.011324 0.999787 0.272681
0.987090 0.158633 0.022124 82.944375 -0.158888 0.987243 0.010295 5.457094 -0.020209 -0.013677 0.999702 0.266909
0.932486 0.360646 0.020101 84.562472 -0.360928 0.932507 0.012723 4.913152 -0.014156 -0.019119 0.999717 0.264501
0.810279 0.585810 0.016577 85.847857 -0.586003 0.810232 0.011117 4.038711 -0.006919 -0.018722 0.999801 0.261838
0.683060 0.730060 0.021009 86.635140 -0.730307 0.683079 0.007339 3.198645 -0.008993 -0.020357 0.999752 0.262779
0.495961 0.868133 0.019193 87.394910 -0.868336 0.495937 0.006329 1.911544 -0.004024 -0.019804 0.999796 0.276638
0.332378 0.943145 -0.001690 87.861050 -0.943127 0.332360 -0.006968 0.495902 -0.006010 0.003910 0.999974 0.294663
0.239534 0.970782 0.014322 88.172345 -0.970875 0.239428 0.008736 -0.606952 0.005052 -0.015997 0.999859 0.297423
0.149515 0.988755 -0.002936 88.408179 -0.988478 0.149543 0.023423 -2.241965 0.023599 -0.000599 0.999721 0.312234
0.101691 0.994815 0.001724 88.565605 -0.994684 0.101649 0.016454 -3.608290 0.016194 -0.003388 0.999863 0.350529
0.066526 0.997765 -0.006190 88.660525 -0.997694 0.066603 0.013092 -5.098820 0.013475 0.005305 0.999895 0.381702
0.052425 0.998577 -0.009811 88.715107 -0.998524 0.052557 0.013696 -6.182909 0.014193 0.009078 0.999858 0.398331
0.036347 0.999250 -0.013326 88.787995 -0.999216 0.036548 0.015223 -7.939611 0.015698 0.012762 0.999795 0.427102
0.027855 0.999469 -0.016929 88.841988 -0.999506 0.028094 0.014088 -9.861856 0.014556 0.016529 0.999757 0.458313
0.027846 0.999328 -0.023831 88.872219 -0.999517 0.028164 0.013117 -11.227883 0.013779 0.023454 0.999630 0.484117
0.038229 0.998845 -0.029092 88.944064 -0.999178 0.038603 0.012388 -13.404175 0.013497 0.028595 0.999500 0.518346
0.050774 0.998292 -0.028910 89.061244 -0.998673 0.051001 0.007173 -15.740495 0.008635 0.028508 0.999556 0.549441
0.062358 0.997780 -0.023386 89.218868 -0.997986 0.062609 0.010183 -18.146512 0.011625 0.022704 0.999675 0.590582
0.064038 0.997870 -0.012448 89.406771 -0.997767 0.064259 0.018195 -20.607779 0.018956 0.011255 0.999757 0.637210
0.064049 0.997893 -0.010364 89.521464 -0.997823 0.064201 0.015084 -22.260870 0.015718 0.009375 0.999833 0.685679
0.064547 0.997906 -0.004280 89.705120 -0.997797 0.064604 0.015075 -24.717375 0.015320 0.003298 0.999877 0.750457
0.057281 0.998348 0.004526 89.886341 -0.998260 0.057211 0.014256 -27.172123 0.013973 -0.005335 0.999888 0.813313
0.046229 0.998896 0.008314 89.978238 -0.998886 0.046146 0.009910 -28.804731 0.009515 -0.008763 0.999916 0.851853
0.020451 0.999744 0.009679 90.062573 -0.999737 0.020348 0.010568 -31.242046 0.010369 -0.009892 0.999897 0.911024
-0.011491 0.999894 0.008993 90.069701 -0.999904 -0.011560 0.007666 -33.638853 0.007769 -0.008904 0.999930 0.961799
-0.033738 0.999388 0.009261 90.031734 -0.999396 -0.033812 0.008046 -35.211652 0.008354 -0.008984 0.999925 0.998265
-0.054635 0.998462 0.009361 89.962127 -0.998456 -0.054725 0.009550 -36.754818 0.010048 -0.008825 0.999911 1.033783
-0.083530 0.996474 0.007851 89.800184 -0.996443 -0.083610 0.010517 -39.027852 0.011136 -0.006945 0.999914 1.084686
-0.105194 0.994449 0.002374 89.581267 -0.994424 -0.105208 0.007253 -41.231080 0.007462 -0.001598 0.999971 1.134449
-0.111952 0.993711 -0.002425 89.420487 -0.993706 -0.111941 0.004109 -42.640609 0.003811 0.002870 0.999989 1.165355
-0.114689 0.993395 -0.003584 89.269102 -0.993397 -0.114677 0.003542 -44.005778 0.003107 0.003967 0.999987 1.189346
-0.106238 0.994325 -0.005526 89.061903 -0.994324 -0.106203 0.006318 -45.921461 0.005696 0.006166 0.999965 1.229178
-0.087454 0.996162 -0.003643 88.962921 -0.996146 -0.087426 0.007097 -47.111303 0.006751 0.004249 0.999968 1.252262
-0.035767 0.999359 -0.001708 88.903213 -0.999296 -0.035746 0.011418 -48.764914 0.011349 0.002115 0.999933 1.295186
0.016814 0.999858 0.001055 88.933986 -0.999721 0.016794 0.016591 -49.811745 0.016571 -0.001334 0.999862 1.320246
0.129845 0.991530 0.002983 89.115161 -0.991478 0.129805 0.011035 -51.364635 0.010555 -0.004391 0.999935 1.359696
0.222780 0.974824 0.009340 89.367738 -0.974866 0.222749 0.004320 -52.370496 0.002131 -0.010067 0.999947 1.380439
0.444801 0.895613 0.005385 90.142662 -0.895620 0.444762 0.007182 -54.155734 0.004037 -0.008017 0.999960 1.409409
0.670039 0.742318 -0.003366 91.347541 -0.742133 0.669962 0.019738 -55.607342 0.016907 -0.010727 0.999800 1.431587
0.843492 0.537092 0.007286 92.854594 -0.537137 0.843464 0.007229 -56.671434 -0.002263 -0.010012 0.999947 1.469655
0.937659 0.346652 0.025034 94.640095 -0.347002 0.937798 0.011175 -57.359217 -0.019603 -0.019165 0.999624 1.470079
0.969962 0.242231 0.022316 96.522536 -0.242508 0.970092 0.010600 -57.848582 -0.019081 -0.015694 0.999695 1.453662
0.975272 0.219766 0.023382 97.523798 -0.220222 0.975262 0.019135 -58.047043 -0.018598 -0.023811 0.999543 1.431726
0.977355 0.210540 0.021195 98.559274 -0.211150 0.976913 0.032503 -58.237116 -0.013862 -0.036242 0.999247 1.417404
0.977175 0.211890 0.015194 99.633875 -0.212282 0.976682 0.032080 -58.466990 -0.008043 -0.034573 0.999370 1.414678
0.975421 0.220291 0.005047 100.750013 -0.220335 0.974848 0.033539 -58.723300 0.002468 -0.033827 0.999425 1.413985
0.971957 0.234673 0.015113 102.533445 -0.235082 0.971275 0.036906 -59.119929 -0.006018 -0.039424 0.999204 1.413400
0.969988 0.241933 0.024314 103.774239 -0.242608 0.969651 0.030307 -59.429592 -0.016243 -0.035296 0.999245 1.407579
0.969039 0.246025 0.020874 105.046484 -0.246485 0.968864 0.023385 -59.758693 -0.014471 -0.027806 0.999509 1.393890
0.970048 0.242874 0.004484 107.030371 -0.242904 0.969664 0.027387 -60.246541 0.002303 -0.027656 0.999615 1.390388
0.970984 0.238702 0.014556 108.432913 -0.238976 0.970787 0.021505 -60.590456 -0.008997 -0.024359 0.999663 1.387852
0.972004 0.234086 0.020313 109.880376 -0.234536 0.971818 0.023707 -60.926141 -0.014191 -0.027807 0.999513 1.383294
0.974398 0.224630 0.009512 112.116532 -0.224821 0.973892 0.031465 -61.426137 -0.002196 -0.032798 0.999460 1.366762
0.976012 0.217406 0.011654 113.680425 -0.217642 0.975683 0.025954 -61.777169 -0.005728 -0.027868 0.999595 1.371023
0.976633 0.214357 0.015490 115.264185 -0.214651 0.976470 0.020770 -62.127502 -0.010673 -0.023609 0.999664 1.362156
0.976783 0.213516 0.017503 116.880503 -0.213799 0.976742 0.016285 -62.478538 -0.013619 -0.019649 0.999714 1.356044
